Hugo_Symbol	compounds	samples	predicted_proportion	observed_proportion	p_enriched	p_twosided	logOR	Role	q_enriched	q_twosided
APC	988	2724	0.0755366058180374	0.362701908957416	0	0	2.26353647455601	TSG	0	0
TP53	751	12423	0.0226089493533385	0.0604523867020848	5.7854639072039e-123	6.20157883311902e-123	1.41890534814995	TSG	1.35090582233211e-120	1.44806865753329e-120
PTEN	233	1742	0.0240782383079815	0.133754305396096	1.37757906967331e-97	1.37757906967331e-97	2.47378358511601	TSG	2.14443141845812e-95	2.14443141845812e-95
PIK3CA	374	3784	0.0317485249957528	0.0988372093023256	2.37369842128804e-80	2.37369842128804e-80	1.63836470902852	Oncogene	2.77129290685379e-78	2.77129290685379e-78
MAP3K1	133	551	0.0388706235592534	0.241379310344828	1.34961138293321e-64	1.34961138293321e-64	2.63454986525026	TSG	1.26053703165962e-62	1.26053703165962e-62
EGFR	174	1408	0.0498488270867777	0.123579545454545	2.46015348546053e-27	2.61133214516452e-27	1.30980850771869	Oncogene	1.91481946285011e-25	1.52436513973979e-25
PIK3R1	75	725	0.0238545389332014	0.103448275862069	1.02814097945347e-25	1.02814097945347e-25	2.11657389356557	TSG	6.85916910578243e-24	5.33490930449744e-24
ARID1A	222	1889	0.0603365244840964	0.117522498676548	8.23714771893396e-21	1.2705909184302e-20	0.961833473251311	TSG	4.8084349809277e-19	5.93365958906902e-19
CDK12	64	384	0.0433899625121487	0.166666666666667	4.10870218342717e-20	4.10870218342717e-20	1.9415323493511	Oncogene/TSG	1.95416431377211e-18	1.50320331828624e-18
FBXW7	70	787	0.0241918450905129	0.0889453621346887	4.18450602520795e-20	4.18450602520795e-20	1.87839857463021	TSG	1.95416431377211e-18	1.50320331828624e-18
CIC	56	472	0.0345347643941581	0.11864406779661	2.16779255216382e-15	2.16779255216382e-15	1.78051868125728	TSG	9.20326474418638e-14	7.23113658471787e-14
NF1	160	1225	0.0761211627207864	0.130612244897959	2.93673051687591e-11	4.79880795650541e-11	0.778920652393256	TSG	1.14287762615088e-09	1.49402887712535e-09
CDKN1A	20	168	0.0198028520829819	0.119047619047619	2.10743563144961e-10	2.10743563144961e-10	2.58775863412119	TSG	7.57055722989977e-09	6.15107774929356e-09
BAP1	33	554	0.022308856292808	0.0595667870036101	5.66269240637368e-07	5.66269240637368e-07	1.41689159019172	TSG	1.88891239555465e-05	1.39183018619816e-05
FGFR3	26	359	0.0236341092050285	0.0724233983286908	6.73296516664286e-07	6.73296516664286e-07	1.61558538509778	Oncogene	2.09619648854814e-05	1.57214736641111e-05
PTPRT	67	936	0.0378955232734157	0.0715811965811966	8.82160240804921e-07	1.20954781775171e-06	0.917553232640928	TSG	2.57480520284936e-05	2.68980395661927e-05
ARID2	57	639	0.045655192236763	0.0892018779342723	1.75712189824479e-06	2.4193673000614e-06	0.966295139798125	TSG	4.82691721459009e-05	4.91236751795076e-05
SOX9	28	437	0.0244570972938215	0.0640732265446224	5.34424711075823e-06	5.34424711075823e-06	1.38946845548647	Oncogene/TSG	0.000134769099303734	0.000102424515470838
INPPL1	19	239	0.0236725610947984	0.0794979079497908	5.48311110657592e-06	5.48311110657592e-06	1.74770109795733	TSG	0.000134769099303734	0.000102424515470838
NOTCH1	73	754	0.0560918713529598	0.096816976127321	5.82511601009099e-06	7.89953316240203e-06	0.787468319961339	Oncogene/TSG	0.000136016458835625	0.000136632666179324
ERBB4	37	597	0.0278674395016458	0.0619765494137353	8.03804587132558e-06	8.88943154171617e-06	1.15314198239605	Oncogene	0.000178750829614716	0.000148263018927909
TSC2	39	458	0.0402485047095186	0.0851528384279476	1.24617262582684e-05	1.38386308955432e-05	1.08111943453598	TSG	0.000264528461936879	0.000222849676835126
CDKN2A	53	1226	0.0230328999155589	0.0432300163132137	1.58857073084986e-05	2.21885229578487e-05	0.908337318174025	TSG	0.000315239831233722	0.000314001218827738
SMAD4	51	1190	0.0225368215702496	0.0428571428571429	1.62007622047309e-05	2.12111418838163e-05	0.927251610932382	TSG	0.000315239831233722	0.000309550101866944
TBX3	34	536	0.0284474292172777	0.0634328358208955	1.71045800812745e-05	2.02998491054957e-05	1.15693155791464	TSG	0.000319513555918207	0.000305807404266662
NKX2_1	12	157	0.0196310700267404	0.0764331210191083	7.19913887593187e-05	7.19913887593187e-05	1.96105912997187	n/a	0.00129307609810007	0.00096057081573148
B2M	10	124	0.0182509684650956	0.0806451612903226	0.000101026786573401	0.000101026786573401	2.1436149534212	TSG	0.0016954852875503	0.00128306994733536
RUNX1	20	343	0.0220982087572774	0.0583090379008746	0.000101656505463401	0.000101656505463401	1.39979008650724	TSG	0.0016954852875503	0.00128306994733536
EPHA7	21	418	0.0199515733244064	0.0502392344497608	0.000135577270578071	0.000135577270578071	1.33231196270566	Oncogene/TSG	0.00218326156413653	0.0016661732989463
FOXA1	30	533	0.0267945171431872	0.0562851782363977	0.000149306568692291	0.000212904503979476	1.07081724476132	Oncogene/TSG	0.00232420558597666	0.00254939495790808
RB1	58	1276	0.0279558500207075	0.0454545454545455	0.000295927777929472	0.000453723334499143	0.701274359169159	TSG	0.00445800878364721	0.0052972199302775
DICER1	30	347	0.0440501722672564	0.0864553314121038	0.000406030606332523	0.000539308763101407	0.972807271692651	TSG	0.00592550916116525	0.00599659981829422
HLA_B	7	90	0.0157606731463944	0.0777777777777778	0.000576448903780051	0.000576448903780051	2.3030288611509	TSG	0.00815762539591769	0.00626050321082055
PDGFRA	29	448	0.0334543992954337	0.0647321428571429	0.000678106330389073	0.000858747843682334	0.952286323296985	Oncogene	0.00931398989093227	0.00911443734090113
ELF3	12	241	0.0177908020211186	0.0497925311203319	0.00144780718746347	0.00144780718746347	1.48479780454846	Oncogene/TSG	0.0193178844727269	0.0144976311679544
NTRK3	24	425	0.0297039370796947	0.0564705882352941	0.00238267441869405	0.00364110474130069	0.926845495148176	Oncogene	0.0309085820425034	0.0347019574323963
HLA_A	6	116	0.0130983334105279	0.0517241379310345	0.00440364636380767	0.00440364636380767	1.98145443576763	TSG	0.0555811581594103	0.0403235853313369
GRIN2A	38	743	0.0324902517333086	0.0511440107671602	0.00477191482083495	0.00682706915587658	0.654558381019426	TSG	0.0586443216139453	0.0590415054776734
SMAD3	12	228	0.0224966572084827	0.0526315789473684	0.00598186701402917	0.00598186701402917	1.22621802986775	TSG	0.070898969952905	0.0537217672221466
PREX2	24	498	0.0273293417899931	0.0481927710843374	0.00607271691245439	0.00825200390752624	0.818366044550872	n/a	0.070898969952905	0.0664428590485302
CDKN1B	10	183	0.0221134413435375	0.0546448087431694	0.00801177411545011	0.00801177411545011	1.30516088830133	TSG	0.0899771745569314	0.0656403247704421
ERBB3	30	512	0.0363801961973623	0.05859375	0.00809216559184394	0.0124001244148608	0.687593461959586	Oncogene	0.0899771745569314	0.0968101235789102
CASP8	10	185	0.0234087644130577	0.0540540540540541	0.0124381315090677	0.0124381315090677	1.20735403758984	TSG	0.135083893365921	0.0968101235789102
TCF7L2	14	368	0.0196000818002819	0.0380434782608696	0.0151629331362938	0.0208968830628827	0.95678948038306	TSG	0.160933858514754	0.150136067544096
REL	6	79	0.0255373650044105	0.0759493670886076	0.0157950274867301	0.0157950274867301	1.57242826971298	Oncogene	0.163917285251176	0.117083775179412
PTPRD	43	849	0.0369084410707651	0.0506478209658422	0.0251459610524759	0.0443180318015394	0.456549398235231	TSG	0.255286169815354	0.268785985082064
FGF19	4	67	0.0168982348634636	0.0597014925373134	0.0269467645586899	0.0269467645586899	1.82089444433171	Oncogene	0.267747639338472	0.174779709012614
ERBB2	35	694	0.0366648058586048	0.0504322766570605	0.0386006115328614	0.0677346773095035	0.459951453862164	Oncogene	0.375551783038464	0.363155970324093
LATS1	16	289	0.0341592392951148	0.055363321799308	0.0415729220561669	0.0519680751470267	0.696654659873761	TSG	0.396215400004693	0.299255501791836
STK11	25	819	0.0210918809075387	0.0305250305250305	0.0454163422735632	0.0670314869682347	0.53330498203806	TSG	0.42418863683508	0.363155970324093
KEAP1	25	720	0.0243320438081206	0.0347222222222222	0.051504857424606	0.0882090937443761	0.513001776424698	TSG	0.471622910142961	0.41609744220832
TGFBR2	15	347	0.0273693956724081	0.0432276657060519	0.0572755452646726	0.0957016580780758	0.659391353054445	TSG	0.514378454588502	0.446926743224614
EIF4E	2	26	0.0166119141306033	0.0769230769230769	0.0689534259114357	0.0689534259114357	2.2111981522392	n/a	0.607570752842273	0.363155970324093
FGFR2	15	314	0.0313560598217896	0.0477707006369427	0.0724512227550447	0.102869705753794	0.607381753591516	Oncogene	0.626568907900109	0.457525262733541
SRSF2	3	59	0.0165209036317611	0.0508474576271186	0.074172197528258	0.074172197528258	1.62188304218497	n/a	0.62978938628539	0.376504524409744
ERRFI1	4	88	0.0186644445674812	0.0454545454545455	0.0829388146028901	0.0829388146028901	1.28413199481166	TSG	0.691650471777672	0.403462775203642
SDHA	6	127	0.0241065228558551	0.047244094488189	0.0877581281794832	0.132850879000375	0.970710433263818	TSG	0.719000804558222	0.508535741747337
DNAJB1	3	66	0.0165804627394802	0.0454545454545455	0.0969110932096773	0.0969110932096773	1.45494029997099	n/a	0.780301388429643	0.448093866622963
TEK	8	154	0.0305011219008188	0.051948051948052	0.100442805443826	0.149995423950996	0.768207339814789	n/a	0.785683163501082	0.538829715270117
SESN2	3	58	0.0192325347141003	0.0517241379310345	0.100954619453757	0.100954619453757	1.42728878300353	TSG	0.785683163501082	0.457525262733541
CSF3R	6	167	0.0191198722318414	0.0359281437125748	0.102626708722839	0.142424714522446	0.91004151545132	Oncogene	0.785683163501082	0.519395843937097
SMAD2	9	216	0.0255915079479395	0.0416666666666667	0.105253126773317	0.129935479139911	0.703228530151455	TSG	0.788947987542297	0.508535741747337
EPHA5	24	560	0.032499379336846	0.0428571428571429	0.106431955492858	0.187514353505432	0.399123507293042	n/a	0.788947987542297	0.632266556723678
KMT2B	28	452	0.0484771204613306	0.0619469026548673	0.112974283534417	0.187412767656165	0.353728144078606	Oncogene/TSG	0.824359225165199	0.632266556723678
BMPR1A	5	95	0.0272063604226398	0.0526315789473684	0.117649277982954	0.117649277982954	0.951984705829923	TSG	0.83403406979389	0.502671501431995
ATM	97	1085	0.0791880096200921	0.0894009216589862	0.118246963517609	0.215881549058759	0.175007705779703	TSG	0.83403406979389	0.66766015503603
HIST1H3B	4	122	0.0154096857473397	0.0327868852459016	0.120416914885078	0.120416914885078	1.08928141121426	n/a	0.83403406979389	0.502671501431995
TERT_promoter	52	3164	0.0138356639364591	0.0164348925410872	0.121443933074913	0.222323045449074	0.248370146762656	NA	0.83403406979389	0.683058304109983
CARD11	17	429	0.0291746660926592	0.0396270396270396	0.128415318448719	0.194856885590742	0.44176904930571	Oncogene	0.869129763993506	0.639890032616581
KNSTRN	3	71	0.017704806773991	0.0422535211267606	0.131605570087594	0.131605570087594	1.25493047240364	n/a	0.877997160441522	0.508535741747337
SMARCB1	6	164	0.0211708470552558	0.0365853658536585	0.136563374599282	0.166481259765313	0.789187692490287	TSG	0.894850799800493	0.584562017371438
CD79A	2	49	0.0132738959622691	0.0408163265306122	0.137964149005644	0.137964149005644	1.62055447378236	Oncogene	0.894850799800493	0.518982193328714
RAD21	5	131	0.0210470882592287	0.0381679389312977	0.143680395660237	0.205310956918621	0.858740624395082	TSG	0.919160887305898	0.647839303249975
CARM1	3	69	0.0194661576101985	0.0434782608695652	0.151402987425841	0.151402987425841	1.15932609253451	n/a	0.955475609836049	0.539734313953188
INHBA	6	203	0.017849648532501	0.0295566502463054	0.157396667960205	0.183226953582021	0.727587106082095	n/a	0.980056585832208	0.629169024432381
DUSP4	2	45	0.0167198299911594	0.0444444444444444	0.173451883359492	0.173451883359492	1.4104429154137	TSG	1	0.600171520718959
DNMT3A	11	299	0.0266271476645819	0.0367892976588629	0.17759113411692	0.276354045154355	0.466388240797179	TSG	1	0.740899018013241
SESN1	2	43	0.0193867854324435	0.0465116279069767	0.202737987010404	0.202737987010404	1.26251782838604	TSG	1	0.646649047331799
CCND1	3	90	0.0172548748040976	0.0333333333333333	0.203549057725427	0.203549057725427	0.949961588092735	Oncogene	1	0.646649047331799
WHSC1L1	7	144	0.0333020428918728	0.0486111111111111	0.205681939479403	0.344184317193943	0.545675429202399	n/a	1	0.850444847246409
DROSHA	8	192	0.029538815816052	0.0416666666666667	0.209564009117596	0.284893477486614	0.496281698108387	n/a	1	0.740899018013241
JAK1	13	282	0.0356985304573681	0.0460992907801418	0.2114267909268	0.332899937337086	0.368879869091897	Oncogene/TSG	1	0.826937610300103
CD274	2	43	0.0199443715982126	0.0465116279069767	0.211509337380614	0.211509337380614	1.22160976697092	Oncogene	1	0.661460016266366
NFE2L2	12	321	0.0285971738191892	0.0373831775700935	0.212082493942517	0.313920675804266	0.386516626947146	Oncogene	1	0.788177180648345
NFKBIA	3	98	0.0161959267351945	0.0306122448979592	0.212460390663715	0.212460390663715	0.918477824495368	TSG	1	0.661460016266366
PIK3CG	18	518	0.0281151986994389	0.0347490347490347	0.212533682502854	0.350168441111268	0.305622660611144	Oncogene	1	0.860029348740529
PBRM1	32	682	0.0402966908895556	0.0469208211143695	0.213513324410224	0.379650483764123	0.219566889323397	TSG	1	0.873383132600225
TSC1	14	364	0.030327081174621	0.0384615384615385	0.219498459842196	0.356247847815737	0.34280981895791	TSG	1	0.866498671510152
PTPN11	7	188	0.026118740229311	0.0372340425531915	0.222734197942433	0.351746478821073	0.5115369463008	Oncogene	1	0.860029348740529
EPHA3	24	545	0.0371328326371682	0.0440366972477064	0.225012900501523	0.364832762879068	0.246010897041601	TSG	1	0.873383132600225
GPS2	3	110	0.0149710085536405	0.0272727272727273	0.22810181970103	0.22810181970103	0.865287562099689	TSG	1	0.691711362340138
CTNNB1	28	838	0.0286211580364913	0.0334128878281623	0.228458587926662	0.405756366390538	0.223322632214313	Oncogene	1	0.892637312443758
TP63	11	296	0.0285710821143047	0.0371621621621622	0.229441333453677	0.378481391102212	0.37927876417849	Oncogene/TSG	1	0.873383132600225
AMER1	17	440	0.0320323184152636	0.0386363636363636	0.249544988626446	0.414780078801489	0.270431097122498	TSG	1	0.892637312443758
GATA3	20	807	0.0209402171462852	0.0247831474597274	0.253692706687634	0.458532660930378	0.243083018549947	Oncogene/TSG	1	0.920139934639313
HGF	13	389	0.0269486028739191	0.0334190231362468	0.254130410707895	0.430283010129653	0.310459083240031	Oncogene	1	0.899331906976904
CUL3	7	184	0.0279134055710367	0.0380434782608696	0.256113873212954	0.366349857320013	0.446691004831861	n/a	1	0.873383132600225
RNF43	13	385	0.0273859876975507	0.0337662337662338	0.260431399348412	0.431897705008055	0.302143359078217	TSG	1	0.899331906976904
CCNE1	3	70	0.0261354730794179	0.0428571428571429	0.276658540790957	0.43329695732292	0.713526399726493	Oncogene	1	0.899331906976904
PPARG	3	84	0.0219613024332165	0.0357142857142857	0.280911264101459	0.435759850734002	0.701537650613388	Oncogene	1	0.900441815454773
NPM1	2	48	0.0218345802197858	0.0416666666666667	0.282096472710082	0.282096472710082	0.932278894168733	TSG	1	0.740899018013241
HOXB13	2	77	0.0140942607330735	0.025974025974026	0.295786325691782	0.295786325691782	0.881961840891183	Oncogene/TSG	1	0.754966062757434
WWTR1	2	54	0.020194987108579	0.037037037037037	0.297829943315104	0.297829943315104	0.874971462510842	Oncogene	1	0.755905345261705
ASXL2	14	297	0.0398255033716898	0.0471380471380471	0.297948332129749	0.459193195730434	0.243199394321753	TSG	1	0.920139934639313
ARAF	5	166	0.0223222776295796	0.0301204819277108	0.313187776277044	0.426124231896677	0.43226061480147	Oncogene	1	0.896396469800667
KDM6A	28	704	0.0358757677290716	0.0397727272727273	0.315829964706671	0.542988245750099	0.14876978789944	TSG	1	0.998328782540536
PAK5	12	358	0.0283834764856116	0.0335195530726257	0.320295712160697	0.522442151423597	0.239951607787267	Oncogene	1	0.98573096776612
NTHL1	1	25	0.0154504304473126	0.04	0.322452626595431	0.322452626595431	1.37235296798345	TSG	1	0.805269393690195
MET	21	413	0.0455536174670093	0.0508474576271186	0.334366135268966	0.555508831756065	0.158610016426365	Oncogene	1	1
PDGFRB	9	259	0.0292543866274482	0.0347490347490347	0.347733361212801	0.576795823485534	0.24831993383734	Oncogene	1	1
PLCG2	8	293	0.0227744739569992	0.0273037542662116	0.352110232764455	0.553872955541871	0.26168160419642	Oncogene	1	1
NF2	11	371	0.0257148860887082	0.0296495956873315	0.358890981941625	0.620008388351031	0.205408668908537	TSG	1	1
PRKD1	5	185	0.0213003545419253	0.027027027027027	0.359419993654994	0.603214379875546	0.343525380003556	n/a	1	1
AXIN1	6	183	0.0271887203718832	0.0327868852459016	0.379676031003772	0.644296645232732	0.270110599215514	TSG	1	1
PDCD1LG2	1	33	0.015021476238123	0.0303030303030303	0.393147529284755	0.393147529284755	1.01243546949721	Oncogene	1	0.892637312443758
PPP6C	2	82	0.0165765537918051	0.024390243902439	0.395074270922604	0.395074270922604	0.557160078458662	TSG	1	0.892637312443758
RAD51C	3	87	0.0260593785942767	0.0344827586206897	0.396167363632996	0.496704324055	0.404072512492608	TSG	1	0.963105191550408
BCL2	1	30	0.0172807697722381	0.0333333333333333	0.40723351960007	0.40723351960007	0.947798110353745	Oncogene	1	0.892637312443758
H3F3C	2	70	0.0199865630498465	0.0285714285714286	0.409230814699735	0.652586851326955	0.515542769644403	n/a	1	1
FLT1	12	372	0.0293280493623345	0.032258064516129	0.409824766475885	0.645957259227468	0.137378760180854	Oncogene	1	1
RHEB	1	32	0.0164073938181905	0.03125	0.411036781437485	0.411036781437485	0.929510093164003	Oncogene	1	0.892637312443758
FGFR1	6	205	0.0256545817832585	0.0292682926829268	0.430001075759894	0.656816316756972	0.190122083844924	Oncogene	1	1
GATA1	3	119	0.0202802279660388	0.0252100840336134	0.434875754508501	0.52219759077506	0.313927057705405	n/a	1	0.98573096776612
STAT3	4	157	0.0214519637128894	0.0254777070063694	0.435497305596028	0.583052899528199	0.248125722800464	Oncogene	1	1
GNAS	9	361	0.0229467819736727	0.0249307479224377	0.447454592316206	0.724403136449116	0.11963431814816	Oncogene	1	1
MSI2	1	34	0.0175966168496562	0.0294117647058824	0.453166793055878	0.453166793055878	0.741095267581899	Oncogene	1	0.920125618943891
CHEK2	5	153	0.0290226734035689	0.0326797385620915	0.457795810611668	0.634023986979014	0.171216023583816	TSG	1	1
DAXX	6	206	0.0263008289004456	0.029126213592233	0.457929489058058	0.665319574206446	0.14720989490848	TSG	1	1
MEF2B	2	71	0.021728586186829	0.028169014084507	0.458337907136046	0.668529229726678	0.37451476448567	Oncogene	1	1
PIK3C2G	17	460	0.0354457026295982	0.0369565217391304	0.464811076912875	0.800796030206707	0.0602182516505405	n/a	1	1
SMARCA4	33	809	0.0398359031895608	0.0407911001236094	0.46946998294431	0.857190372185043	0.034185131546587	TSG	1	1
HIST1H3H	1	56	0.0112842500155038	0.0178571428571429	0.470334928044431	0.470334928044431	0.662190731763267	n/a	1	0.930705133037074
LATS2	10	291	0.0324636804012954	0.0343642611683849	0.472223268449964	0.742180157414055	0.08208237453254	TSG	1	1
TSHR	6	184	0.0299306994484566	0.0326086956521739	0.473640800571444	0.826464371126437	0.12363074096774	Oncogene	1	1
HIST1H3J	1	53	0.0120881771515693	0.0188679245283019	0.475115566532579	0.475115566532579	0.64233902682498	n/a	1	0.936198183842678
FLT3	8	295	0.0254389499912698	0.0271186440677966	0.476969222333364	0.851857795311219	0.0922459218234797	Oncogene	1	1
TGFBR1	7	250	0.0261341348737071	0.028	0.479858427643387	0.841110018880509	0.0994914250589914	TSG	1	1
NUP93	4	154	0.0232479441917364	0.025974025974026	0.482020213283149	0.784973204606201	0.159966504279373	n/a	1	1
STAG2	18	474	0.0369757366299867	0.0379746835443038	0.487480695205798	0.902751250467373	0.0384590533624464	TSG	1	1
RPS6KB2	2	77	0.0216843805029282	0.025974025974026	0.499593270245668	0.684469906024591	0.260413421378916	Oncogene	1	1
MDM2	4	88	0.0416088412458221	0.0454545454545455	0.500753763153099	0.786673957956466	0.127534459447466	Oncogene	1	1
SOCS1	1	41	0.016843206542005	0.024390243902439	0.50165034354966	0.50165034354966	0.534137366118395	TSG	1	0.968060786932609
MEN1	7	320	0.0210585790693097	0.021875	0.511893737993378	0.844664093311751	0.0548749233553038	TSG	1	1
MAPK1	2	81	0.0215977035525025	0.0246913580246914	0.524432477571715	0.695007145211441	0.193128265684082	Oncogene	1	1
TET2	17	369	0.0458080982759592	0.046070460704607	0.524970261790869	0.901136542528367	0.00823935437664814	TSG	1	1
PIK3R3	2	70	0.0250444867178417	0.0285714285714286	0.525969146070894	0.695377946086118	0.190080128701007	TSG	1	1
CTCF	8	287	0.0273182266628829	0.0278745644599303	0.526195115989451	0.856216915303536	0.0290854276299087	TSG	1	1
SETD2	50	816	0.0615322653126222	0.0612745098039216	0.532798033641342	1	-0.00605606880993101	TSG	1	1
CDH1	24	853	0.028269829912434	0.0281359906213365	0.537685475304594	1	-0.0068464439339735	TSG	1	1
MAP2K2	2	85	0.0213565187271805	0.0235294117647059	0.544302241233095	0.703920712726365	0.139788757564558	Oncogene	1	1
HIST1H3I	1	71	0.0110920762791095	0.0140845070422535	0.547033767154393	0.547033767154393	0.344579627475055	n/a	1	1
FGFR4	5	199	0.0249705518567239	0.0251256281407035	0.556241074784736	0.822090253739766	0.00893195850465424	Oncogene	1	1
IKZF1	8	335	0.0240790348892056	0.0238805970149254	0.5580810291988	1	-0.0119386642269846	n/a	1	1
KDM5C	12	391	0.0311895753236782	0.030690537084399	0.562660964327228	1	-0.0232700159648804	TSG	1	1
SMARCD1	2	82	0.023149337802183	0.024390243902439	0.568744546731007	0.715269087846764	0.0753332600586288	n/a	1	1
BRD4	9	263	0.0350582245139278	0.0342205323193916	0.575801071068569	1	-0.0348907322841729	Oncogene	1	1
FAM46C	2	91	0.021295261857954	0.021978021978022	0.579733172446484	0.720760691873395	0.0455290794271998	n/a	1	1
PPP4R2	1	48	0.0182628426224406	0.0208333333333333	0.587170256519708	0.587170256519708	0.189982349902453	n/a	1	1
CEBPA	1	62	0.0142198733674589	0.0161290322580645	0.588505885696582	0.588505885696582	0.181751262036184	TSG	1	1
MAPKAP1	1	51	0.0177603581532213	0.0196078431372549	0.599049885651234	0.599049885651234	0.142770172609226	n/a	1	1
ANKRD11	19	436	0.0453132768698036	0.0435779816513761	0.601329430499001	1	-0.0563344459538064	TSG	1	1
STAT5B	2	93	0.0218865742475832	0.021505376344086	0.606550685979135	1	-0.0253487785567853	Oncogene	1	1
MYCN	2	149	0.013692871900049	0.0134228187919463	0.60667770106959	1	-0.0287373953569804	Oncogene	1	1
ICOSLG	1	52	0.0179740355307958	0.0192307692307692	0.610601325578197	0.610601325578197	0.0975021125000104	n/a	1	1
FLT4	12	422	0.0301329750281181	0.028436018957346	0.620197623989345	1	-0.0836236154326988	Oncogene	1	1
CBL	6	215	0.0298089229106247	0.027906976744186	0.620750239546351	1	-0.0951184062920384	TSG	1	1
INHA	1	73	0.0133387579418503	0.0136986301369863	0.62479466132535	0.62479466132535	0.0384072967978989	TSG	1	1
SRC	2	115	0.0183605465183514	0.0173913043478261	0.625955862626899	1	-0.078242863689377	Oncogene	1	1
HRAS	3	191	0.0168513218369122	0.0157068062827225	0.626111771016971	1	-0.10147190003081	Oncogene	1	1
MYOD1	2	127	0.0166484845078582	0.015748031496063	0.62645034053979	1	-0.0802193534226931	n/a	1	1
BLM	7	188	0.0400383367852991	0.0372340425531915	0.629809442496059	1	-0.104759784912353	TSG	1	1
SOX17	6	309	0.0210466256658593	0.0194174757281553	0.633779914507119	1	-0.116233286835269	TSG	1	1
BIRC3	2	99	0.0218236111055795	0.0202020202020202	0.638893800848714	1	-0.11139027133703	n/a	1	1
BBC3	1	52	0.0196342621810902	0.0192307692307692	0.643399048166955	1	-0.0299569136035791	TSG	1	1
SUZ12	3	116	0.0284281249159373	0.0258620689655172	0.643866551698663	1	-0.136481248399452	n/a	1	1
NBN	4	157	0.0281242972729088	0.0254777070063694	0.64675471668389	1	-0.142581608031273	TSG	1	1
INPP4A	4	180	0.024652672804304	0.0222222222222222	0.650138313847599	1	-0.14974097638224	n/a	1	1
PGR	5	282	0.0196830340965569	0.0177304964539007	0.652684410139433	1	-0.150719693833838	Oncogene	1	1
MRE11A	3	120	0.0279886176685143	0.025	0.655996618657251	1	-0.162912140432671	TSG	1	1
FGF4	1	70	0.0152671120042916	0.0142857142857143	0.659363652377696	1	-0.0958540084183996	Oncogene	1	1
BTK	4	185	0.0244294868718973	0.0216216216216216	0.664127127558733	1	-0.176148831639279	Oncogene	1	1
RARA	3	139	0.0247016640874086	0.0215827338129496	0.670093796513409	1	-0.194730617955931	n/a	1	1
MSH2	4	161	0.0285893922130588	0.0248447204968944	0.678553526341351	1	-0.202540638126096	TSG	1	1
CALR	1	75	0.0151978948812266	0.0133333333333333	0.682917246708288	1	-0.18883400499913	Oncogene	1	1
BRCA1	18	389	0.0505890607012009	0.0462724935732648	0.683580871828863	0.81676605340216	-0.128670606310272	TSG	1	1
IRF4	2	125	0.0188910036789116	0.016	0.685942340395889	1	-0.239627449028763	Oncogene	1	1
TCF3	2	140	0.0170281152436735	0.0142857142857143	0.6906546280483	1	-0.253345586374411	TSG	1	1
TOP1	4	137	0.0341100170777896	0.0291970802919708	0.69067243918952	1	-0.224371370448351	TSG	1	1
PIK3CB	6	218	0.0318736398970894	0.0275229357798165	0.696753350014534	1	-0.211729415292883	Oncogene	1	1
CYSLTR2	1	75	0.0158601059663213	0.0133333333333333	0.69851702968522	1	-0.250364910891395	n/a	1	1
BCL6	3	136	0.0263906068894301	0.0220588235294118	0.699101129803274	1	-0.258668678618478	Oncogene	1	1
SHOC2	1	53	0.0228470947058462	0.0188679245283019	0.706225589303086	1	-0.276074984997219	Oncogene	1	1
CCND2	1	77	0.0158817782160183	0.012987012987013	0.708499007794219	1	-0.290302804950543	Oncogene	1	1
GLI1	6	297	0.0237353732732307	0.0202020202020202	0.708657769598532	0.849237454789632	-0.232539168726295	Oncogene	1	1
RAC1	2	118	0.0210847561305363	0.0169491525423729	0.713503657952673	1	-0.314987194872624	Oncogene	1	1
MDC1	16	334	0.0537323795012451	0.0479041916167665	0.715608018130948	0.716701559890595	-0.165639830910621	n/a	1	1
FAM175A	1	54	0.023084496726244	0.0185185185185185	0.716679438261563	1	-0.31795559238414	TSG	1	1
GNAQ	2	109	0.0230721875593339	0.018348623853211	0.719329951845139	1	-0.33048293275447	Oncogene	1	1
CRLF2	1	63	0.0199753153710326	0.0158730158730159	0.719500605308333	1	-0.331642014381979	Oncogene	1	1
FUBP1	4	158	0.0309051792047324	0.0253164556962025	0.722508879452503	1	-0.28777318898686	TSG	1	1
ACVR1	1	87	0.0146568230040509	0.0114942528735632	0.723233393525247	1	-0.350659726529704	Oncogene	1	1
RTEL1	3	146	0.0255673138021484	0.0205479452054795	0.723816941381076	1	-0.31530646197534	TSG	1	1
PAK1	2	105	0.0242367946244314	0.019047619047619	0.725563755609515	1	-0.347588239358353	Oncogene	1	1
IGF2	1	82	0.01571832121787	0.0121951219512195	0.727233577557426	1	-0.366142954832542	Oncogene	1	1
CSDE1	2	107	0.0239375767332483	0.0186915887850467	0.728789180009519	1	-0.356887908311509	n/a	1	1
TRAF7	3	170	0.0223420643638841	0.0176470588235294	0.734084779970031	1	-0.340334739875839	n/a	1	1
EPCAM	1	58	0.0228311330808757	0.0172413793103448	0.738038144578742	1	-0.405127265861402	TSG	1	1
SYK	2	115	0.0227152857561571	0.0173913043478261	0.738515955801965	1	-0.385297315646308	Oncogene	1	1
PIK3R2	4	205	0.0244442144070643	0.0195121951219512	0.739998396760626	0.822356858844474	-0.325116950206878	TSG	1	1
NOTCH4	22	535	0.0462442592743933	0.0411214953271028	0.742056590674366	0.679909443080331	-0.169381554604674	Oncogene/TSG	1	1
RHOA	3	181	0.0213106290251936	0.0165745856353591	0.743360746307141	1	-0.362600374322401	Oncogene	1	1
VTCN1	1	66	0.020678220350038	0.0151515151515152	0.748187511063803	1	-0.448649956500803	n/a	1	1
RAD54L	2	95	0.0283532877879353	0.0210526315789474	0.754592978131712	1	-0.429515455322633	n/a	1	1
MST1R	4	197	0.0260291157600213	0.0203045685279188	0.756182639415725	0.82255700984304	-0.358321932192008	Oncogene	1	1
DOT1L	11	354	0.0368799979417669	0.0310734463276836	0.757922929946467	0.67235614038606	-0.247156316922968	n/a	1	1
TRAF2	1	84	0.0167488308778542	0.0119047619047619	0.7579998674553	1	-0.492521627345273	n/a	1	1
UPF1	2	109	0.0252675476195992	0.018348623853211	0.76492517042519	1	-0.461613783110302	n/a	1	1
IL7R	4	208	0.0250226745455481	0.0192307692307692	0.766142009068368	0.823128036313779	-0.379819528396918	Oncogene	1	1
MAX	2	147	0.018893578403658	0.0136054421768707	0.767959663809749	1	-0.47371212604643	TSG	1	1
XPO1	4	176	0.0298391424579035	0.0227272727272727	0.772847834358057	0.82310891663258	-0.392781503681353	Oncogene	1	1
VHL	6	370	0.0206112750056899	0.0162162162162162	0.774937302813574	0.713746522803137	-0.345996522228558	TSG	1	1
IGF1R	9	265	0.0417605399529566	0.0339622641509434	0.779565676263731	0.644968045515627	-0.298207723934825	Oncogene	1	1
ETV6	2	137	0.0208572018992576	0.0145985401459854	0.781724593116974	1	-0.514721519076461	Oncogene	1	1
RXRA	1	97	0.0156349982247321	0.0103092783505155	0.783155734327969	1	-0.600835707865294	n/a	1	1
RASA1	7	319	0.0277814965941593	0.0219435736677116	0.784223982811565	0.731286945473788	-0.340325821583541	TSG	1	1
RPTOR	7	254	0.0348798809237337	0.0275590551181102	0.784952281610111	0.730354021233184	-0.339868689853067	Oncogene	1	1
SOX2	1	95	0.0164723378086056	0.0105263157894737	0.793592715111413	1	-0.646044740198209	Oncogene	1	1
CDC73	3	145	0.0289966746279784	0.0206896551724138	0.794623385850351	0.802913196818184	-0.486977859317698	TSG	1	1
TAP2	1	75	0.0211727143953739	0.0133333333333333	0.799111518046061	1	-0.667168739065754	n/a	1	1
POLD1	3	214	0.0202061083573679	0.014018691588785	0.808578818968097	0.805273993857018	-0.527439785156023	TSG	1	1
FLCN	2	119	0.0255762159296392	0.0168067226890756	0.811088422221092	0.773156653513754	-0.605764402906011	TSG	1	1
RRAS2	1	89	0.0185772139322629	0.0112359550561798	0.811549979984334	1	-0.725411394823132	Oncogene	1	1
MCL1	1	66	0.025423745027889	0.0151515151515152	0.817255420370458	1	-0.746714490815905	Oncogene	1	1
AKT3	2	149	0.020782123798842	0.0134228187919463	0.81788349470165	0.77402182619649	-0.630655426579786	Oncogene	1	1
MGA	35	648	0.061943937846166	0.0540123456790123	0.820144151832537	0.462834026793447	-0.197673895847744	TSG	1	0.920139934639313
PDCD1	1	100	0.0170433375348097	0.01	0.820759120471429	1	-0.769207880952931	Oncogene	1	1
FOXP1	4	231	0.024796263334949	0.0173160173160173	0.82629540686759	0.669484523677819	-0.518015582160511	Oncogene/TSG	1	1
DIS3	4	196	0.0292229085285592	0.0204081632653061	0.826897638587029	0.668802739931234	-0.517953429706526	n/a	1	1
ASXL1	12	384	0.03957589561018	0.03125	0.833279122715082	0.511316101948511	-0.340765809425254	TSG	1	0.982652755596522
NEGR1	1	129	0.0139581975676981	0.00775193798449612	0.836883772476736	1	-0.848483722953298	n/a	1	1
FOXO1	1	109	0.0167423470420888	0.00917431192660551	0.841240562876784	1	-0.867829922665353	TSG	1	1
PRKCI	1	80	0.0228715560125554	0.0125	0.842915818084971	1	-0.87162642456725	Oncogene	1	1
JAK3	6	270	0.0309555691346003	0.0222222222222222	0.843591998713006	0.5948608235123	-0.478195890795398	Oncogene	1	1
ALOX12B	2	135	0.0249042292583893	0.0148148148148148	0.852245515749384	0.778079060491559	-0.749350170131386	n/a	1	1
RIT1	1	81	0.0233718049478967	0.0123456790123457	0.852745048256246	1	-0.920762967377285	Oncogene	1	1
YES1	1	78	0.0243225076074216	0.0128205128205128	0.853482214220025	1	-0.923838004838403	Oncogene	1	1
BRAF	27	1262	0.0256722975515753	0.0213946117274168	0.854112603522626	0.373774230276851	-0.262964919251254	Oncogene	1	0.873383132600225
PARK2	2	184	0.0184236283596879	0.0108695652173913	0.854540411084224	0.779415068142845	-0.761262980862475	TSG	1	1
SH2B3	1	130	0.0148704653390715	0.00769230769230769	0.857395197611612	1	-0.950961417373484	TSG	1	1
EP300	29	538	0.0643495309593598	0.0539033457249071	0.860085430515564	0.378937640287529	-0.255554810403775	TSG	1	0.873383132600225
NTRK1	5	277	0.0268698160079585	0.0180505415162455	0.867212027376823	0.458712023206259	-0.573944323865286	Oncogene	1	0.920139934639313
SPOP	6	376	0.0231413959029273	0.0159574468085106	0.867902571038512	0.489674758495809	-0.536246052485019	TSG	1	0.960832404275391
PRDM1	3	171	0.0286004888854753	0.0175438596491228	0.869576298905595	0.641263207386977	-0.705073632464403	TSG	1	1
PRKAR1A	1	72	0.0282882950358261	0.0138888888888889	0.873323732405066	0.725593252807138	-1.02627403833167	n/a	1	1
SOS1	3	159	0.0311503801522738	0.0188679245283019	0.875339328334538	0.495816610263606	-0.723314034472861	Oncogene	1	0.963105191550408
MAP3K13	4	208	0.0302825114711132	0.0192307692307692	0.877385598904937	0.539298746100497	-0.65506838813744	Oncogene	1	0.995464483908822
HNF1A	2	162	0.0226972187173859	0.0123456790123457	0.884511004504495	0.593671629116706	-0.878509335803618	TSG	1	1
EPHB1	8	463	0.0247114786380305	0.0172786177105832	0.886118515248894	0.369113293053586	-0.516193531951913	n/a	1	0.873383132600225
POLE	16	430	0.0483782831319009	0.0372093023255814	0.886856572245633	0.312907272890136	-0.378696231095309	TSG	1	0.788177180648345
PPP2R1A	5	344	0.0224960687922498	0.0145348837209302	0.887147061400083	0.463025448908434	-0.630153381284554	TSG	1	0.920139934639313
PARP1	3	160	0.0318544500797185	0.01875	0.887205125236702	0.497020023905028	-0.764604336040236	TSG	1	0.963105191550408
MDM4	1	83	0.0266582506093868	0.0120481927710843	0.893824526233277	0.72896913848398	-1.1457653513325	Oncogene	1	1
MALT1	1	105	0.0212072684838367	0.00952380952380952	0.894676024922468	0.73003473944435	-1.15494814024511	n/a	1	1
AKT2	1	105	0.0216672946282093	0.00952380952380952	0.899748686634661	0.731515667689164	-1.18590835810557	Oncogene	1	1
PRDM14	1	136	0.0170397670455266	0.00735294117647059	0.903419610197091	0.733567595028763	-1.21251226376702	n/a	1	1
YAP1	1	80	0.0288281407586197	0.0125	0.903686496561967	0.731826813951157	-1.20554969980831	Oncogene	1	1
MSH3	1	109	0.0213327797474832	0.00917431192660551	0.904672193916314	0.733397222020356	-1.21740010192854	TSG	1	1
ERG	2	159	0.0250743118161451	0.0125786163522013	0.910229575324738	0.447115937926664	-0.995236871010728	Oncogene	1	0.919837634413005
AURKA	1	93	0.0256627610541666	0.010752688172043	0.910882080377455	0.735519304990396	-1.25497901954194	Oncogene	1	1
XIAP	1	97	0.0247821245880229	0.0103092783505155	0.912328112652894	0.736398975885709	-1.2653565283983	Oncogene	1	1
AGO2	1	110	0.0220497474778778	0.00909090909090909	0.913931556630233	0.737694830485296	-1.27826565733321	n/a	1	1
GNA11	1	117	0.0210091624582602	0.00854700854700855	0.916612801169296	0.525022593935747	-1.29752717913999	Oncogene	1	0.98573096776612
ATRX	62	1085	0.0671146926332891	0.0571428571428571	0.917837765220028	0.202611833483809	-0.232055460493022	TSG	1	0.646649047331799
RPS6KA4	2	171	0.0240627704138455	0.0116959064327485	0.918998031038504	0.449517522742355	-1.0407990786901	Oncogene	1	0.920125618943891
RBM10	12	688	0.0248405864884185	0.0174418604651163	0.921104866617056	0.2682375926904	-0.510145300322757	TSG	1	0.740899018013241
TMPRSS2	1	127	0.0199107983950913	0.0078740157480315	0.922244388397193	0.525905924795798	-1.33837956926354	n/a	1	0.98573096776612
CDK8	1	112	0.0225636649959779	0.00892857142857143	0.922391428741356	0.525324760348472	-1.33750015472168	Oncogene	1	0.98573096776612
U2AF1	2	210	0.0199075294781693	0.00952380952380952	0.922817218171959	0.452235453928089	-1.06370352179043	Oncogene	1	0.920125618943891
AR	10	445	0.0330291506098757	0.0224719101123595	0.923200444449816	0.285860084565293	-0.555617110401048	Oncogene	1	0.740899018013241
JUN	1	124	0.020706783188847	0.00806451612903226	0.925324086442616	0.526453822707821	-1.36044356804017	Oncogene	1	0.98573096776612
HIST1H1C	1	164	0.0157159948388572	0.00609756097560976	0.925569633797864	0.527693237562163	-1.36592941397069	n/a	1	0.98573096776612
ALK	12	531	0.0324506305141143	0.0225988700564972	0.926546057647694	0.267891785957987	-0.521995870296899	Oncogene	1	0.740899018013241
BRIP1	6	235	0.0419042329173081	0.025531914893617	0.931080093944324	0.25454597550263	-0.714794239859179	TSG	1	0.740899018013241
JAK2	3	201	0.02939272754417	0.0149253731343284	0.936521805465684	0.295843232301093	-0.977692243029363	Oncogene	1	0.754966062757434
RET	6	333	0.0302336855829943	0.018018018018018	0.938242352906184	0.259286104750268	-0.746716535402242	Oncogene	1	0.740899018013241
PPM1D	1	139	0.0202419239894966	0.00719424460431655	0.94171988135657	0.536307521010159	-1.49243130727869	Oncogene	1	0.993871477427557
MPL	1	108	0.0260120242486798	0.00925925925925926	0.941951860955446	0.535032920177119	-1.49020998617551	Oncogene	1	0.993871477427557
RICTOR	8	242	0.0529431735842255	0.0330578512396694	0.945179466100668	0.195940630972529	-0.679451724709377	Oncogene	1	0.639890032616581
IDH2	1	127	0.0227598638667334	0.0078740157480315	0.946276471022468	0.377232136576307	-1.53132042549536	Oncogene	1	0.873383132600225
BCOR	16	614	0.0371528343539603	0.0260586319218241	0.947177692170171	0.164799237889105	-0.511710932373365	TSG	1	0.583039727986456
EIF1AX	1	151	0.019416076473945	0.00662251655629139	0.948215464072454	0.378297181704359	-1.55180024549464	n/a	1	0.873383132600225
KLF4	1	128	0.0230128690765793	0.0078125	0.949210735710217	0.377565682826173	-1.5585846696899	Oncogene/TSG	1	0.873383132600225
RECQL4	4	240	0.0323031418877738	0.0166666666666667	0.952526828259834	0.20215785607207	-0.954708897857261	TSG	1	0.646649047331799
MLH1	1	116	0.0261642596334949	0.00862068965517241	0.953831869646226	0.378517836499919	-1.60172224113722	TSG	1	0.873383132600225
ABL1	3	187	0.0348540401515875	0.0160427807486631	0.959983635174008	0.226746515973628	-1.11940166705864	Oncogene	1	0.691711362340138
MAP2K1	2	211	0.0236447153343042	0.00947867298578199	0.960799290450313	0.252281707128565	-1.31876077180199	Oncogene	1	0.740899018013241
ETV1	1	151	0.0213610009768358	0.00662251655629139	0.961629249268243	0.387268293447954	-1.68952780287176	Oncogene	1	0.886540652157815
PMS1	2	158	0.0318108589258036	0.0126582278481013	0.962546587846822	0.251174842583598	-1.32944388505088	TSG	1	0.740899018013241
NRAS	8	635	0.0214628898199854	0.0125984251968504	0.962777637699779	0.132406740057124	-0.768600929315591	Oncogene	1	0.508535741747337
NTRK2	2	193	0.0261649661091493	0.0103626943005181	0.962927051193209	0.253096617602069	-1.33623723775904	Oncogene	1	0.740899018013241
FH	1	120	0.0275052831386025	0.00833333333333333	0.964805882418569	0.268972905054275	-1.7227431599552	TSG	1	0.740899018013241
FANCA	5	263	0.0366105374337705	0.0190114068441065	0.965300590184516	0.140583150751096	-0.945393656839856	TSG	1	0.519395843937097
TNFAIP3	1	123	0.0274649656647709	0.00813008130081301	0.967465331371058	0.269419358270373	-1.75625080384198	TSG	1	0.740899018013241
IRS2	6	307	0.0364355821307614	0.0195439739413681	0.968705141641099	0.127215206062529	-0.898624195670881	Oncogene	1	0.508535741747337
MYC	1	136	0.025193277384218	0.00735294117647059	0.968888702918756	0.270676697222639	-1.77664546542534	Oncogene	1	0.740899018013241
KIT	10	557	0.0298283773006904	0.0179533213644524	0.969987842372156	0.105204528996385	-0.732434728154492	Oncogene	1	0.463495424918035
PTCH1	5	321	0.0309488358685621	0.0155763239875389	0.971280296467281	0.143473370166778	-0.990530346367003	TSG	1	0.519395843937097
SF3B1	12	507	0.0379870340454734	0.0236686390532544	0.97162488371273	0.102674800366101	-0.682530320054762	Oncogene	1	0.457525262733541
MED12	22	649	0.0486595605506631	0.0338983050847458	0.972422277580188	0.0828305158376726	-0.521510150799712	Oncogene/TSG	1	0.403462775203642
KDR	9	463	0.0333780050766483	0.019438444924406	0.972436357108462	0.118121968955078	-0.779984922896128	Oncogene	1	0.502671501431995
INSR	3	210	0.0334114646613183	0.0142857142857143	0.972564913822343	0.173497120550449	-1.22577005477891	Oncogene	1	0.600171520718959
AKT1	4	416	0.0208415421988355	0.00961538461538462	0.974340393598212	0.121676797888147	-1.11604556415418	Oncogene	1	0.502858978882871
PIK3CD	2	180	0.0307376197812609	0.0111111111111111	0.97567504115917	0.188190688189703	-1.46800235841761	Oncogene	1	0.632266556723678
WHSC1	1	131	0.0279728157422575	0.00763358778625954	0.975685137536623	0.278144965328987	-1.87359229449822	Oncogene	1	0.740899018013241
WT1	1	180	0.0204392095225498	0.00555555555555556	0.975697511747687	0.28056163305319	-1.8793363083124	Oncogene/TSG	1	0.740899018013241
ARID5B	3	207	0.0349554118834246	0.0144927536231884	0.976918948166001	0.128201467302714	-1.27018410151528	TSG	1	0.508535741747337
TP53BP1	3	198	0.036628185523361	0.0151515151515152	0.977295203354039	0.127983959751205	-1.27349216458362	TSG	1	0.508535741747337
PLK2	1	140	0.0274462905620525	0.00714285714285714	0.979680956964737	0.192626906924646	-1.94203800556809	n/a	1	0.637991244920637
NSD1	22	452	0.0713102565247452	0.0486725663716814	0.979887748534538	0.0667982163448659	-0.551000747828147	Oncogene/TSG	1	0.363155970324093
SLX4	3	214	0.0348358396429502	0.014018691588785	0.980539883729957	0.130858835477832	-1.31322063267559	TSG	1	0.508535741747337
DDR2	3	228	0.0330339725972359	0.0131578947368421	0.981604241214686	0.132725605010639	-1.32802179924761	Oncogene	1	0.508535741747337
INPP4B	2	225	0.026284970673469	0.00888888888888889	0.982346847229932	0.138913863310684	-1.56416312671678	TSG	1	0.518982193328714
CREBBP	31	705	0.0617803347597134	0.0439716312056738	0.983319959928403	0.0501554700523313	-0.490574635423709	TSG	1	0.296405995146263
AXIN2	2	233	0.0258482073151105	0.00858369098712446	0.983920313460946	0.1414579441164	-1.5903941817531	TSG	1	0.519395843937097
ARID1B	16	507	0.0504622772766923	0.0315581854043393	0.984894628284342	0.0531867380058295	-0.677191061383833	TSG	1	0.299255501791836
MSH6	2	194	0.0318876327889499	0.0103092783505155	0.986251947437812	0.0994738448573294	-1.62905365403507	TSG	1	0.455434172042871
EZH2	1	148	0.0287669004909819	0.00675675675675676	0.986699307477637	0.136721660426791	-2.0900069611587	Oncogene/TSG	1	0.518982193328714
ATR	21	446	0.0722947215773045	0.047085201793722	0.988167009318469	0.0434791560844295	-0.618616603530202	TSG	1	0.267167972255639
AXL	2	223	0.0306581807763253	0.00896860986547085	0.992231846848684	0.0753338948720305	-1.77331580170058	Oncogene	1	0.378289558120841
CBFB	1	232	0.0214162670939649	0.00431034482758621	0.993412294408936	0.0692095960574823	-2.31283184219426	TSG	1	0.363155970324093
DNMT1	3	210	0.0428409887496109	0.0142857142857143	0.994479780886535	0.0388689647834996	-1.5844186043569	Oncogene	1	0.245294683160734
ERCC4	1	155	0.0340965323869968	0.00645161290322581	0.995379091112683	0.0704151599423806	-2.40189324030725	TSG	1	0.365376441034353
SMO	1	224	0.0237782164696261	0.00446428571428571	0.995441072040919	0.0726638115189248	-2.41313923933772	Oncogene	1	0.372901098674043
ROS1	27	583	0.0724960840908937	0.0463121783876501	0.996169141588408	0.0130331693209961	-0.64651145066264	Oncogene	1	0.0997785257853309
DNMT3B	1	188	0.0291965793626848	0.00531914893617021	0.996192113404139	0.0484168445850188	-2.45653201643404	TSG	1	0.289880338733382
RAD50	2	217	0.0352996577286507	0.00921658986175115	0.996331312212089	0.0394659804280011	-1.93734923762309	TSG	1	0.245741504798354
KDM5A	4	266	0.0427400350619557	0.0150375939849624	0.996769440022267	0.0216110398552647	-1.50701433724522	Oncogene	1	0.152914478975888
ERCC2	1	214	0.0266428835282028	0.00467289719626168	0.99690790654024	0.0507761876053556	-2.51136102868693	TSG	1	0.296405995146263
TERT	2	291	0.0271999064609784	0.00687285223367698	0.997010161086965	0.0283496136570545	-1.98462084326672	Oncogene	1	0.181359857230746
ESR1	5	521	0.0255154306950308	0.00959692898272553	0.997227899673649	0.0171090945575519	-1.41072527192915	Oncogene	1	0.124842924349636
NOTCH2	13	407	0.0627173582705348	0.0319410319410319	0.99816865838343	0.0075955547897136	-0.97345386905827	Oncogene/TSG	1	0.0644931652144773
CSF1R	1	216	0.0287885142348923	0.00462962962962963	0.998181208473027	0.0238910352671197	-2.63652464622706	n/a	1	0.163368276862948
NOTCH3	18	595	0.0546813177799076	0.0302521008403361	0.998308327741578	0.00660348746363876	-0.854012678240261	Oncogene/TSG	1	0.0581854461418736
ERCC5	1	197	0.0319647253344949	0.0050761421319797	0.998338260053609	0.0238315881531973	-2.65467632683127	n/a	1	0.163368276862948
PALB2	1	218	0.0290211601014236	0.00458715596330275	0.998371720680506	0.0241406258946513	-2.66143332632686	TSG	1	0.163368276862948
IRS1	2	245	0.0360404852000833	0.00816326530612245	0.998737298943553	0.0146156648740168	-2.14240018299423	Oncogene	1	0.110088959615578
TET1	8	354	0.0562002850749681	0.0225988700564972	0.999351875462852	0.00362500847350973	-1.31432680881853	TSG	1	0.0347019574323963
NCOR1	19	517	0.0712414434419263	0.0367504835589942	0.999685230222085	0.00145907637022239	-0.954953514662101	TSG	1	0.0144976311679544
MAP2K4	1	316	0.0266079460960323	0.00316455696202532	0.999800958452565	0.00424109521188315	-3.07178170944531	TSG	1	0.0396118292789886
IDH1	3	623	0.0219203185059646	0.00481540930979133	0.999886902207531	0.00136645700702468	-2.18653842358373	Oncogene	1	0.0141807871617895
PTPRS	8	485	0.0467284310644133	0.0164948453608247	0.999905471462742	0.000525757170627621	-1.50228534594932	TSG	1	0.00598850240690485
ZFHX3	32	735	0.0835922149281083	0.0435374149659864	0.999993186555958	2.50238057052391e-05	-0.941112838097294	TSG	1	0.000343709331304314
MTOR	12	559	0.0604843106926562	0.0214669051878354	0.999996969796976	1.73088389320534e-05	-1.49444674586958	Oncogene	1	0.000269440926042297
BRCA2	28	635	0.0918422855666042	0.0440944881889764	0.999998414995687	6.97989969832648e-06	-1.05856021487408	TSG	1	0.000125369736889172
SPEN	35	579	0.12144383203085	0.0604490500863558	0.999999678888357	1.5498033814639e-06	-1.00649764544751	TSG	1	3.28980990519838e-05
KMT2A	38	604	0.132146612316829	0.0629139072847682	0.999999987839023	5.18295952392905e-08	-1.07068857181655	TSG	1	1.34469005426381e-06
KRAS	52	4857	0.0211779643679482	0.0107061972410953	0.999999991540524	3.61615645127065e-08	-0.98411778683832	Oncogene	1	9.93379448672585e-07
AURKB	0	42	0.0228241165849956	0	1	1	-Inf	Oncogene	1	1
BABAM1	0	47	0.0170867027957411	0	1	1	-Inf	n/a	1	1
BARD1	0	163	0.0228118927293157	0	1	0.0575734533626608	-Inf	TSG	1	0.320080984766221
BCL10	0	33	0.0171218169497077	0	1	1	-Inf	TSG	1	1
BCL2L1	0	38	0.0232232140971062	0	1	1	-Inf	n/a	1	1
BCL2L11	0	53	0.021018441917753	0	1	0.630894135903303	-Inf	TSG	1	1
CCND3	0	37	0.0223491671032642	0	1	1	-Inf	Oncogene	1	1
CD276	0	59	0.0223892882033597	0	1	0.644763577461239	-Inf	n/a	1	1
CD79B	0	44	0.0181988466426925	0	1	1	-Inf	Oncogene	1	1
CDC42	0	20	0.0180637770867164	0	1	1	-Inf	Oncogene	1	1
CDK4	0	70	0.0200313544803516	0	1	0.408130211722355	-Inf	Oncogene	1	0.892637312443758
CDK6	0	50	0.0227592637139038	0	1	0.631697418851326	-Inf	Oncogene	1	1
CDKN2B	0	38	0.0261755434634666	0	1	0.627209909368326	-Inf	TSG	1	1
CDKN2C	0	70	0.0217268589354403	0	1	0.409948660054073	-Inf	TSG	1	0.892637312443758
CENPA	0	34	0.0134493322837225	0	1	1	-Inf	n/a	1	1
CHEK1	0	58	0.0227512933714187	0	1	0.644593774746155	-Inf	TSG	1	1
CRKL	0	23	0.0226626461462065	0	1	1	-Inf	Oncogene	1	1
CTLA4	0	48	0.0188872943032827	0	1	1	-Inf	Oncogene	1	1
CXCR4	0	62	0.0143870937465186	0	1	1	-Inf	Oncogene	1	1
CYLD	0	124	0.0214695002181475	0	1	0.119572562337734	-Inf	TSG	1	0.502671501431995
DCUN1D1	0	39	0.0209018142298723	0	1	1	-Inf	n/a	1	1
E2F3	0	76	0.0230364321697619	0	1	0.425563907002836	-Inf	Oncogene	1	0.896396469800667
EED	0	78	0.0272140749734522	0	1	0.279566825489988	-Inf	TSG	1	0.740899018013241
EGFL7	0	42	0.0174921506759721	0	1	1	-Inf	n/a	1	1
EIF4A2	0	115	0.0175560226884032	0	1	0.275152083877602	-Inf	n/a	1	0.740899018013241
EPAS1	0	84	0.0239108199205257	0	1	0.273172717720807	-Inf	n/a	1	0.740899018013241
ERCC3	0	112	0.0300716101394025	0	1	0.0855146964857592	-Inf	TSG	1	0.407503706722955
ERF	0	103	0.0161476526056669	0	1	0.419343532337877	-Inf	TSG	1	0.896396469800667
EZH1	0	68	0.0224773768625242	0	1	0.410070953080496	-Inf	Oncogene	1	0.892637312443758
FAM58A	0	36	0.0147030214537912	0	1	1	-Inf	TSG	1	1
FANCC	0	74	0.0228870424123864	0	1	0.420410328308682	-Inf	TSG	1	0.896396469800667
FAT1	75	969	0.181810198066611	0.0773993808049536	1	2.03397190927773e-20	-1.2320391952376	TSG	1	8.63513528756998e-19
FGF3	0	128	0.0167813691836547	0	1	0.283730615207096	-Inf	Oncogene	1	0.740899018013241
FOXL2	0	131	0.0197570538804992	0	1	0.192153680505042	-Inf	Oncogene/TSG	1	0.637991244920637
FYN	0	93	0.0187354791609154	0	1	0.425578579742883	-Inf	Oncogene	1	0.896396469800667
GATA2	0	109	0.0201615150078448	0	1	0.287157863512627	-Inf	Oncogene	1	0.740899018013241
GREM1	0	30	0.021637535881434	0	1	1	-Inf	Oncogene	1	1
GSK3B	0	81	0.0248084129425891	0	1	0.273015050950377	-Inf	Oncogene	1	0.740899018013241
H3F3A	0	67	0.0161029427684551	0	1	0.63046317805007	-Inf	n/a	1	1
H3F3B	0	39	0.0158968452759174	0	1	1	-Inf	n/a	1	1
HIST1H2BD	0	66	0.0171522341560592	0	1	0.632318995461113	-Inf	n/a	1	1
HIST1H3A	0	34	0.0107869992608458	0	1	1	-Inf	n/a	1	1
HIST1H3C	0	63	0.0109531082977306	0	1	1	-Inf	n/a	1	1
HIST1H3D	0	74	0.0120199703028455	0	1	1	-Inf	n/a	1	1
HIST1H3E	0	40	0.0113396640634848	0	1	1	-Inf	n/a	1	1
HIST1H3F	0	42	0.0110437882162981	0	1	1	-Inf	n/a	1	1
HIST1H3G	0	65	0.011101550383689	0	1	1	-Inf	n/a	1	1
HIST2H3C	0	8	0.0117460104141083	0	1	1	-Inf	n/a	1	1
HIST3H3	0	56	0.0137016919295935	0	1	1	-Inf	n/a	1	1
ID3	0	13	0.0143063270071938	0	1	1	-Inf	TSG	1	1
IFNGR1	0	86	0.0248993202801387	0	1	0.28148769519709	-Inf	n/a	1	0.740899018013241
IGF1	0	62	0.019477485007684	0	1	0.6362220525134	-Inf	Oncogene	1	1
IKBKE	0	120	0.0282461951985667	0	1	0.0530786444716499	-Inf	Oncogene	1	0.299255501791836
IL10	0	51	0.0203138877648374	0	1	0.628712090435993	-Inf	n/a	1	1
KMT2C	100	1279	0.192367082548877	0.0781860828772478	1	3.28255681629278e-30	-1.29887821350191	TSG	1	2.55492338868121e-28
KMT2D	191	1516	0.241259426460869	0.12598944591029	1	3.91109504686455e-29	-0.937282427546489	TSG	1	2.60925912412249e-27
KMT5A	0	45	0.017011187839498	0	1	1	-Inf	n/a	1	1
LMO1	0	40	0.0182591266564926	0	1	1	-Inf	Oncogene	1	1
LYN	0	74	0.0178576252016081	0	1	0.645357961208969	-Inf	Oncogene	1	1
MAPK3	0	62	0.0151497343628403	0	1	1	-Inf	Oncogene	1	1
MITF	0	95	0.0275753600204535	0	1	0.118206845681835	-Inf	Oncogene/TSG	1	0.502671501431995
MSI1	0	57	0.0164099572682832	0	1	1	-Inf	Oncogene	1	1
MST1	0	71	0.0166024301917706	0	1	0.634851801927486	-Inf	TSG	1	1
MUTYH	0	85	0.0242276079340746	0	1	0.27592069651515	-Inf	TSG	1	0.740899018013241
MYCL	0	55	0.021935733200606	0	1	0.635788180824746	-Inf	n/a	1	1
MYD88	0	69	0.0189565427680481	0	1	0.644033658424434	-Inf	Oncogene	1	1
NCOA3	0	201	0.0277660077791456	0	1	0.00786582678509696	-Inf	Oncogene	1	0.065595376940005
NKX3_1	0	61	0.0186058847229772	0	1	0.632220828003884	-Inf	TSG	1	1
NUF2	0	62	0.0179412249132453	0	1	0.631336538884328	-Inf	Oncogene	1	1
PAX5	0	141	0.0192259381758849	0	1	0.120555049593969	-Inf	TSG	1	0.502671501431995
PDPK1	0	32	0.0221682333007904	0	1	1	-Inf	n/a	1	1
PHOX2B	0	103	0.0204608130358253	0	1	0.2799221033971	-Inf	TSG	1	0.740899018013241
PIK3C3	0	167	0.0198538343888422	0	1	0.0853258485617468	-Inf	n/a	1	0.407503706722955
PIM1	0	54	0.0206502843220491	0	1	0.631002623013725	-Inf	n/a	1	1
PMAIP1	0	16	0.0179508958734872	0	1	1	-Inf	TSG	1	1
PMS2	0	114	0.0286859904371241	0	1	0.0826893066380365	-Inf	TSG	1	0.403462775203642
PNRC1	0	52	0.0211097837931151	0	1	0.630239505179188	-Inf	n/a	1	1
PTP4A1	0	21	0.0194493341275281	0	1	1	-Inf	n/a	1	1
RAB35	0	37	0.0139723045304143	0	1	1	-Inf	Oncogene	1	1
RAC2	0	18	0.0133987914402806	0	1	1	-Inf	Oncogene	1	1
RAD51	0	35	0.0230969959227932	0	1	1	-Inf	TSG	1	1
RAD51B	0	50	0.0223878128530877	0	1	0.630898837715116	-Inf	TSG	1	1
RAD51D	0	32	0.0192462897520459	0	1	1	-Inf	TSG	1	1
RAD52	0	58	0.0232269890194205	0	1	0.647094012717845	-Inf	n/a	1	1
RAF1	0	151	0.0285905018267682	0	1	0.0244877502792427	-Inf	Oncogene	1	0.163368276862948
RECQL	0	49	0.0197901360068745	0	1	1	-Inf	TSG	1	1
RFWD2	0	187	0.0241890719595062	0	1	0.0266286936879465	-Inf	Oncogene	1	0.174779709012614
RRAGC	0	37	0.0180120625332876	0	1	1	-Inf	Oncogene	1	1
RRAS	0	29	0.0152463238201526	0	1	1	-Inf	Oncogene	1	1
RYBP	0	73	0.0196597781755944	0	1	0.408367576027925	-Inf	TSG	1	0.892637312443758
SDHAF2	0	25	0.0194896587512026	0	1	1	-Inf	TSG	1	1
SDHB	0	51	0.0214162885903808	0	1	0.629989952163958	-Inf	TSG	1	1
SDHC	0	28	0.0213426519436366	0	1	1	-Inf	TSG	1	1
SDHD	0	19	0.0226770939891137	0	1	1	-Inf	TSG	1	1
SESN3	0	57	0.0199756367004891	0	1	0.632175767385014	-Inf	TSG	1	1
SH2D1A	0	41	0.0237580676566124	0	1	1	-Inf	TSG	1	1
SHQ1	0	82	0.0243774143718108	0	1	0.272599474074676	-Inf	TSG	1	0.740899018013241
SMYD3	0	64	0.015790210195231	0	1	0.629240948558533	-Inf	Oncogene	1	1
SPRED1	0	55	0.0190246192706207	0	1	0.629134441099054	-Inf	TSG	1	1
STAT5A	0	76	0.0196080968426622	0	1	0.409434286554407	-Inf	Oncogene	1	0.892637312443758
STK19	0	60	0.017629070962857	0	1	0.629630429486753	-Inf	n/a	1	1
STK40	0	67	0.0232734271844008	0	1	0.41127363870541	-Inf	n/a	1	0.892637312443758
SUFU	0	87	0.0243110639075835	0	1	0.27963249459949	-Inf	TSG	1	0.740899018013241
TAP1	0	78	0.020337037873874	0	1	0.413356819130798	-Inf	n/a	1	0.892637312443758
TCEB1	0	22	0.0148814001844738	0	1	1	-Inf	n/a	1	1
TMEM127	0	32	0.0206791288493304	0	1	1	-Inf	TSG	1	1
TNFRSF14	0	59	0.0189252592876184	0	1	0.631349083603966	-Inf	TSG	1	1
VEGFA	0	40	0.0141901687056633	0	1	1	-Inf	Oncogene	1	1
XRCC2	0	47	0.0165955920122652	0	1	1	-Inf	TSG	1	1
ZRSR2	0	72	0.0160340168742875	0	1	0.633595464963342	-Inf	n/a	1	1
