Hugo_Symbol	Role	panel_introduced	Chromosome	Start_Position	End_Position	reptime	percentage_gene_gc_content	cds_length	expr	hic
ABL1	Oncogene	341	9	133589333	133763062	211	0.4447	3393	505506	29
ACVR1	Oncogene	410	2	158592958	158732374	935	0.4031	1530	81110	2
AGO2	n/a	468	8	141541264	141645718	238	0.5192	2580	451419	46
AKT1	Oncogene	341	14	105235686	105262088	247	0.6408	1443	711772	36
AKT2	Oncogene	341	19	40736224	40791443	400	0.5361	1446	1005838	30
AKT3	Oncogene	341	1	243651535	244014381	954	0.3734	1440	208930	-4
ALK	Oncogene	341	2	29415640	30144432	882	0.4351	4863	202198	19
ALOX12B	n/a	341	17	7975954	7991021	272	0.5546	2106	1528802	26
AMER1	TSG	341	X	63404997	63425624	381	0.5095	3408	57924	2
ANKRD11	TSG	410	16	89334038	89556969	322	0.5119	7992	1263742	40
APC	TSG	341	5	112043195	112181936	399	0.3763	8532	247811	28
AR	Oncogene	341	X	66764465	66950461	381	0.3959	2763	106188	-7
ARAF	Oncogene	341	X	47420516	47431307	381	0.5123	1821	775214	38
ARID1A	TSG	341	1	27022524	27108595	182	0.4593	6858	975965	27
ARID1B	TSG	341	6	157099063	157531913	621	0.4083	6750	143122	27
ARID2	TSG	341	12	46123448	46301823	602	0.3609	5508	820796	10
ARID5B	TSG	341	10	63661059	63856703	388	0.4032	3567	81587	20
ASXL1	TSG	341	20	30946155	31027122	242	0.4217	4626	780777	57
ASXL2	TSG	341	2	25956622	26101385	287	0.3953	4308	602691	31
ATM	TSG	341	11	108093211	108239829	582	0.3752	9171	415837	16
ATR	TSG	341	3	142168077	142297668	403	0.3714	7935	564756	24
ATRX	TSG	341	X	76760356	77041702	381	0.3772	7479	548517	8
AURKA	Oncogene	341	20	54944445	54967393	672	0.4293	1212	254679	-43
AURKB	Oncogene	341	17	8108056	8113918	218	0.527	1035	870950	18
AXIN1	TSG	341	16	337440	402673	205	0.5436	2589	1444992	40
AXIN2	TSG	341	17	63524681	63557765	773	0.5132	2532	212714	-26
AXL	Oncogene	341	19	41725108	41767671	214	0.5086	2685	1180169	15
B2M	TSG	341	15	45003675	45011075	428	0.4263	360	673122	36
BABAM1	n/a	468	19	17378159	17392058	212	0.5245	990	865138	38
BAP1	TSG	341	3	52435029	52444366	229	0.5655	2190	1078407	62
BARD1	TSG	341	2	215590370	215674428	948	0.3638	2334	310874	11
BBC3	TSG	341	19	47724081	47736023	232	0.5973	786	1350139	33
BCL10	TSG	410	1	85731931	85742773	384	0.4057	702	348743	3
BCL2	Oncogene	341	18	60790579	60987361	522	0.4274	720	207116	60
BCL2L1	n/a	341	20	30252255	30311792	213	0.482	702	864206	21
BCL2L11	TSG	341	2	111876955	111926024	381	0.4442	597	NA	NA
BCL6	Oncogene	341	3	187439165	187463515	374	0.4768	2121	88374	24
BCOR	TSG	341	X	39909068	40036582	381	0.5323	5268	377184	42
BIRC3	n/a	410	11	102188215	102210134	280	0.3757	1815	462955	5
BLM	TSG	341	15	91260558	91358859	176	0.407	4254	997342	45
BMPR1A	TSG	341	10	88516407	88692595	195	0.3989	1599	379827	26
BRAF	Oncogene	341	7	140419127	140624564	616	0.3797	2301	305191	25
BRCA1	TSG	341	17	41196312	41277500	201	0.4293	5592	1466229	27
BRCA2	TSG	341	13	32889611	32973805	462	0.3809	10257	221300	44
BRD4	Oncogene	341	19	15347647	15443356	381	0.5025	4089	557083	20
BRIP1	TSG	341	17	59758627	59940882	412	0.3592	3750	326357	-9
BTK	Oncogene	341	X	100604435	100641183	381	0.4294	1980	374364	37
CALR	Oncogene	410	19	13049392	13055303	335	0.5301	1254	1886809	40
CARD11	Oncogene	341	7	2945775	3083579	558	0.4924	3465	635400	24
CARM1	n/a	468	19	10982189	11033453	193	0.5429	1827	2031768	35
CASP8	TSG	341	2	202098166	202152434	386	0.439	1617	571730	37
CBFB	TSG	341	16	67063019	67134961	125	0.4045	564	1068656	48
CBL	TSG	341	11	119076752	119178859	183	0.4152	2721	1172813	53
CCND1	Oncogene	341	11	69455855	69469242	536	0.5858	888	441431	41
CCND2	Oncogene	341	12	4382938	4414516	860	0.4913	870	305146	35
CCND3	Oncogene	341	6	41902671	42018095	186	0.4706	879	467876	41
CCNE1	Oncogene	341	19	30302805	30315215	609	0.4746	1233	167528	-33
CD274	Oncogene	341	9	5450503	5470566	629	0.3815	873	348920	23
CD276	n/a	341	15	73976307	74006859	374	0.5251	1605	312591	29
CD79A	Oncogene	410	19	42381190	42385439	454	0.5901	681	1360684	23
CD79B	Oncogene	341	17	62006100	62009714	404	0.6069	693	1455216	25
CDC42	Oncogene	468	1	22379120	22419437	155	0.4182	576	441481	28
CDC73	TSG	341	1	193091147	193223031	442	0.3571	1596	285984	-12
CDH1	TSG	341	16	68771128	68869451	240	0.4689	2649	924096	30
CDK12	Oncogene/TSG	341	17	37617764	37721160	239	0.4439	4473	1409087	28
CDK4	Oncogene	341	12	58141510	58149796	344	0.5324	912	1160849	39
CDK6	Oncogene	341	7	92234235	92465908	464	0.382	981	697669	26
CDK8	Oncogene	341	13	26828276	26979375	578	0.3698	1395	96507	22
CDKN1A	TSG	341	6	36644305	36655116	228	0.5443	495	904665	37
CDKN1B	TSG	341	12	12867992	12875305	136	0.4543	597	791330	44
CDKN2A	TSG	341	9	21967751	21995300	357	0.4119	471	225405	-15
CDKN2B	TSG	341	9	22002902	22009362	212	0.4128	417	192919	-21
CDKN2C	TSG	341	1	51426417	51440305	417	0.4097	507	290894	2
CEBPA	TSG	410	19	33790840	33793470	510	0.6594	1077	355217	-9
CENPA	n/a	410	2	26987157	27023935	378	0.4897	423	1334693	40
CHEK1	TSG	341	11	125495036	125546150	595	0.3773	1431	477807	18
CHEK2	TSG	341	22	29083731	29138410	219	0.4388	1632	515703	-8
CIC	TSG	341	19	42772689	42799949	299	0.6152	4827	790787	37
CREBBP	TSG	341	16	3775055	3930727	242	0.4501	7329	637890	39
CRKL	Oncogene	341	22	21271714	21308037	192	0.4576	912	523674	49
CRLF2	Oncogene	341	X	1314890	1331616	381	0.4713	702	NA	NA
CSDE1	n/a	468	1	115259534	115301297	472	0.3828	2535	600480	3
CSF1R	n/a	341	5	149432854	149492935	228	0.481	2919	1127889	50
CSF3R	Oncogene	410	1	36931644	36948879	347	0.5316	2511	581032	31
CTCF	TSG	341	16	67596310	67673086	147	0.4532	2184	1074126	45
CTLA4	Oncogene	341	2	204732509	204738683	632	0.4222	672	148748	18
CTNNB1	Oncogene	341	3	41236328	41301587	448	0.3991	2346	305811	8
CUL3	n/a	341	2	225334867	225450110	463	0.3723	2307	255624	20
CXCR4	Oncogene	410	2	136871919	136875735	406	0.5206	1059	431866	42
CYLD	TSG	468	16	50775961	50835846	792	0.3642	2862	279624	2
CYSLTR2	n/a	468	13	49280951	49283498	430	0.4305	1041	404943	46
DAXX	TSG	341	6	33286335	33297046	262	0.5132	2223	1456953	30
DCUN1D1	n/a	341	3	182655862	182703741	574	0.3956	780	232043	13
DDR2	Oncogene	341	1	162601163	162757190	293	0.4047	2568	322980	9
DICER1	TSG	341	14	95552565	95624347	674	0.38	5769	215900	16
DIS3	n/a	341	13	73329540	73356234	685	0.3624	2877	257535	2
DNAJB1	n/a	410	19	14625582	14640582	204	0.5202	1023	1008795	26
DNMT1	Oncogene	341	19	10244021	10341962	200	0.5043	4851	1702441	23
DNMT3A	TSG	341	2	25455845	25565459	286	0.535	2739	330147	43
DNMT3B	TSG	341	20	31350191	31397162	173	0.494	2562	675780	42
DOT1L	n/a	341	19	2164148	2232577	199	0.5945	4614	1658089	28
DROSHA	n/a	468	5	31400604	31532303	649	0.3975	4125	191847	-9
DUSP4	TSG	468	8	29190581	29208185	267	0.5108	1185	307440	42
E2F3	Oncogene	341	6	20402398	20493941	568	0.4265	1398	138711	7
EED	TSG	341	11	85955586	85989855	159	0.371	1326	443833	26
EGFL7	n/a	341	9	139553308	139567130	190	0.6731	822	1918290	56
EGFR	Oncogene	341	7	55086714	55324313	336	0.4508	3633	423489	-13
EIF1AX	n/a	341	X	20142636	20159962	381	0.3858	435	262207	37
EIF4A2	n/a	410	3	186500994	186507689	384	0.4194	1224	449980	25
EIF4E	n/a	410	4	99792835	99851788	415	0.3919	714	225403	11
ELF3	Oncogene/TSG	468	1	201977073	201986316	168	0.5478	1116	751933	31
EP300	TSG	341	22	41487790	41576081	154	0.4233	7245	1167197	42
EPAS1	n/a	468	2	46520806	46613836	213	0.4671	2613	375634	28
EPCAM	TSG	341	2	47572297	47614740	246	0.4435	945	806315	37
EPHA3	TSG	341	3	89156674	89531284	381	0.346	2952	27204	-18
EPHA5	n/a	341	4	66185281	66536213	706	0.3339	3114	57073	-19
EPHA7	Oncogene/TSG	410	6	93949738	94129265	1054	0.3325	2997	18346	-25
EPHB1	n/a	341	3	134316643	134979309	856	0.4484	2955	74866	9
ERBB2	Oncogene	341	17	37844167	37886679	226	0.5209	3768	1284992	38
ERBB3	Oncogene	341	12	56473641	56497289	215	0.4992	4029	2693176	38
ERBB4	Oncogene	341	2	212240446	213403565	1173	0.3469	3927	20702	-5
ERCC2	TSG	341	19	45853095	45874176	215	0.5656	2283	1280459	23
ERCC3	TSG	341	2	128014866	128051752	175	0.4618	2349	428616	23
ERCC4	TSG	341	16	14014014	14046202	251	0.3957	2751	125854	11
ERCC5	n/a	341	13	103497194	103528345	475	0.3984	3561	196444	33
ERF	TSG	468	19	42751724	42759309	299	0.6409	1647	790787	37
ERG	Oncogene	341	21	39751949	40033704	418	0.4191	1440	162262	4
ERRFI1	TSG	410	1	8064464	8086368	207	0.428	1389	387339	26
ESR1	Oncogene	341	6	151977826	152450754	568	0.3966	1788	221347	0
ETV1	Oncogene	341	7	13930853	14031050	989	0.363	1365	46434	-16
ETV6	Oncogene	341	12	11802788	12048336	629	0.4319	1359	233493	31
EZH1	Oncogene	468	17	40852293	40897071	177	0.4544	2244	1740597	36
EZH2	Oncogene/TSG	341	7	148504475	148581413	434	0.3921	2256	564321	13
FAM175A	TSG	341	4	84382092	84444501	378	0.4228	1230	275241	29
FAM46C	n/a	341	1	118148556	118170994	557	0.4416	1176	344088	16
FAM58A	TSG	468	X	152853377	152865500	381	0.5622	741	940418	24
FANCA	TSG	341	16	89803957	89883065	219	0.5046	4368	1234390	41
FANCC	TSG	341	9	97861336	98079991	457	0.4138	1677	165520	38
FAT1	TSG	341	4	187508937	187647876	513	0.4153	13767	351973	-13
FBXW7	TSG	341	4	153242410	153457253	501	0.3541	2124	117295	51
FGF19	Oncogene	341	11	69513000	69519410	561	0.548	651	465152	38
FGF3	Oncogene	341	11	69624992	69633792	561	0.6094	720	783792	37
FGF4	Oncogene	341	11	69587797	69590171	561	0.6644	621	465152	38
FGFR1	Oncogene	341	8	38268656	38326352	381	0.5055	2562	841062	47
FGFR2	Oncogene	341	10	123237848	123357972	386	0.4541	2466	204200	-9
FGFR3	Oncogene	341	4	1795034	1810599	222	0.6582	2421	859388	42
FGFR4	Oncogene	341	5	176513887	176525145	201	0.6018	2409	1070874	46
FH	TSG	341	1	241660903	241683061	533	0.3687	1533	171676	-20
FLCN	TSG	341	17	17115526	17140502	218	0.5329	1740	910162	11
FLT1	Oncogene	341	13	28874489	29069265	693	0.4161	4017	198131	41
FLT3	Oncogene	341	13	28577411	28674729	614	0.4322	2982	346092	42
FLT4	Oncogene	341	5	180028506	180076624	515	0.6024	4092	855370	13
FOXA1	Oncogene/TSG	341	14	38059189	38069245	487	0.5329	1419	67481	-58
FOXL2	Oncogene/TSG	341	3	138663066	138665982	340	0.6462	1131	345888	21
FOXO1	TSG	410	13	41129804	41240734	449	0.4199	1968	237876	55
FOXP1	Oncogene/TSG	341	3	71003844	71633140	675	0.4111	2034	99202	-1
FUBP1	TSG	341	1	78409740	78444794	256	0.3632	1935	373296	1
FYN	Oncogene	410	6	111981535	112194655	317	0.4242	1605	245639	21
GATA1	n/a	341	X	48644962	48652716	381	0.5446	1242	823539	29
GATA2	Oncogene	341	3	128198270	128212028	274	0.6045	1443	937778	52
GATA3	Oncogene/TSG	341	10	8095567	8117161	675	0.4873	1332	182932	-2
GLI1	Oncogene	410	12	57853918	57866045	194	0.5496	3321	1347802	32
GNA11	Oncogene	341	19	3094408	3124002	173	0.6166	1080	1000335	25
GNAQ	Oncogene	341	9	80331003	80646374	671	0.3913	1080	328481	-24
GNAS	Oncogene	341	20	57414773	57486247	416	0.4709	1185	1025539	11
GPS2	TSG	410	17	7214643	7218883	206	0.5628	984	1911735	36
GREM1	Oncogene	341	15	33010175	33026870	383	0.4351	555	244472	5
GRIN2A	TSG	341	16	9852376	10276611	922	0.421	4395	109137	-9
GSK3B	Oncogene	341	3	119540170	119813264	421	0.3715	1302	467052	19
H3F3A	n/a	410	1	226249552	226259702	237	0.4456	411	866965	23
H3F3B	n/a	410	17	73772515	73781974	198	0.4738	411	1885370	27
H3F3C	n/a	341	12	31944123	31945175	394	0.4473	408	271605	20
HGF	Oncogene	341	7	81328322	81399754	604	0.3442	2187	57326	17
HIST1H1C	n/a	341	6	26055968	26056699	685	0.5642	642	408919	43
HIST1H2BD	n/a	341	6	26158349	26171577	636	0.4223	381	398813	53
HIST1H3A	n/a	410	6	26020718	26021186	685	0.5928	411	408919	43
HIST1H3B	n/a	341	6	26031817	26032288	685	0.5657	411	408919	43
HIST1H3C	n/a	410	6	26045639	26046097	685	0.5861	411	408919	43
HIST1H3D	n/a	410	6	26197068	26199521	636	0.4645	411	398813	53
HIST1H3E	n/a	410	6	26225383	26225844	544	0.5887	411	390169	57
HIST1H3F	n/a	410	6	26250370	26250835	544	0.5966	411	390169	57
HIST1H3G	n/a	410	6	26271146	26271612	544	0.591	411	390169	57
HIST1H3H	n/a	410	6	27777842	27778314	634	0.6173	411	267617	32
HIST1H3I	n/a	410	6	27839623	27840099	634	0.6059	411	228884	40
HIST1H3J	n/a	410	6	27858093	27860884	634	0.4875	411	228884	40
HIST2H3C	n/a	410	1	149811110	149812765	560	0.6123	411	681585	28
HIST2H3D	n/a	410	1	149784826	149785236	560	0.674	411	681585	28
HIST3H3	n/a	410	1	228612546	228613026	351	0.6341	411	626588	7
HLA-A	TSG	410	6	29909037	29913661	596	0.5518	1098	983517	36
HLA-B	TSG	468	6	31321649	31324965	347	0.59	1089	2552688	28
HNF1A	TSG	341	12	121416346	121440315	380	0.522	1896	1225663	40
HOXB13	Oncogene/TSG	410	17	46802125	46806540	415	0.5632	855	727820	24
HRAS	Oncogene	341	11	532242	537287	236	0.6901	570	1970020	42
ICOSLG	n/a	341	21	45642874	45660849	219	0.5774	909	1128093	76
ID3	TSG	410	1	23884409	23886285	159	0.5727	360	1050775	32
IDH1	Oncogene	341	2	209100951	209130798	539	0.4127	1245	260367	17
IDH2	Oncogene	341	15	90626277	90645736	192	0.5254	1359	851518	38
IFNGR1	n/a	341	6	137518621	137540586	309	0.3881	1470	117339	35
IGF1	Oncogene	341	12	102789645	102874423	752	0.3966	588	186749	-3
IGF1R	Oncogene	341	15	99192200	99507759	470	0.4452	4104	203046	-27
IGF2	Oncogene	341	11	2150342	2170833	579	0.6044	711	837088	38
IKBKE	Oncogene	341	1	206643791	206670223	300	0.5338	2151	504324	4
IKZF1	n/a	341	7	50343720	50472799	381	0.4333	1560	160478	37
IL10	n/a	341	1	206940947	206945839	357	0.4776	537	464449	29
IL7R	Oncogene	341	5	35852797	35879705	511	0.3918	1380	139461	5
INHA	TSG	410	2	220433884	220440435	487	0.5809	1101	548994	35
INHBA	n/a	410	7	41724712	41742706	671	0.4168	1281	42008	-27
INPP4A	n/a	341	2	99061317	99210853	623	0.4733	2934	212473	41
INPP4B	TSG	341	4	142944313	143768585	807	0.3641	2775	51592	10
INPPL1	TSG	468	11	71934745	71950149	182	0.5864	3777	744547	58
INSR	Oncogene	341	19	7112266	7294045	505	0.4744	4149	558979	21
IRF4	Oncogene	341	6	391739	411447	631	0.4833	1356	208360	48
IRS1	Oncogene	341	2	227596033	227664475	493	0.4089	3729	146164	-3
IRS2	Oncogene	341	13	110406184	110438915	438	0.469	4017	217826	4
JAK1	Oncogene/TSG	341	1	65298912	65432187	396	0.4269	3465	269434	-5
JAK2	Oncogene	341	9	4985033	5128183	634	0.3753	3399	255685	28
JAK3	Oncogene	341	19	17935589	17958880	212	0.5493	3375	1216364	37
JUN	Oncogene	341	1	59246465	59249785	419	0.5601	996	300720	5
KDM5A	Oncogene	341	12	389295	498620	480	0.3946	5073	305933	27
KDM5C	TSG	341	X	53220503	53254604	381	0.4811	4683	877207	80
KDM6A	TSG	341	X	44732757	44971847	381	0.385	4206	59340	36
KDR	Oncogene	341	4	55944644	55991756	706	0.4069	4071	175189	3
KEAP1	TSG	341	19	10596796	10614417	207	0.5401	1875	1996822	30
KIT	Oncogene	341	4	55524085	55606881	649	0.4087	2931	92734	0
KLF4	Oncogene/TSG	341	9	110247133	110252763	434	0.5693	1440	255934	-14
KMT2A	TSG	341	11	118307205	118397539	192	0.4125	11919	1338034	49
KMT2B	Oncogene/TSG	468	19	36208921	36229779	321	0.5977	8148	1151198	30
KMT2C	TSG	341	7	151832010	152133090	616	0.3865	14736	261375	16
KMT2D	TSG	341	12	49412758	49453557	214	0.5413	16614	1770671	65
KMT5A	n/a	468	12	123868320	123893905	177	0.5173	1059	1167786	45
KNSTRN	n/a	468	15	40674922	40686447	184	0.4495	951	872646	42
KRAS	Oncogene	341	12	25357723	25403870	512	0.3637	570	259193	16
LATS1	TSG	341	6	149979289	150039392	210	0.4122	3393	431427	40
LATS2	TSG	341	13	21547171	21635686	192	0.4567	3267	446900	41
LMO1	Oncogene	341	11	8245851	8290263	535	0.5288	471	245012	10
LYN	Oncogene	468	8	56792372	56923940	405	0.4318	1539	329738	50
MALT1	n/a	410	18	56338618	56417371	198	0.39	2475	331493	55
MAP2K1	Oncogene	341	15	66679155	66784650	172	0.4472	1182	506284	43
MAP2K2	Oncogene	341	19	4090319	4124126	180	0.5742	1203	2276561	36
MAP2K4	TSG	341	17	11924141	12047147	583	0.3709	1200	45834	-52
MAP3K1	TSG	341	5	56111401	56191979	412	0.3807	4539	200595	38
MAP3K13	Oncogene	341	3	185000729	185206885	397	0.4007	2901	953031	36
MAP3K14	Oncogene	410	17	43340488	43394414	207	0.4997	NA	789809	23
MAPK1	Oncogene	341	22	22108789	22221970	299	0.438	1083	458136	47
MAPK3	Oncogene	410	16	30125426	30134827	381	0.5636	1140	NA	NA
MAPKAP1	n/a	468	9	128199672	128469513	475	0.4182	1569	850799	38
MAX	TSG	341	14	65472892	65569413	387	0.4469	483	501431	39
MCL1	Oncogene	341	1	150547032	150552066	152	0.4443	1053	1475649	31
MDC1	n/a	341	6	30667584	30685666	171	0.4884	6270	2115149	41
MDM2	Oncogene	341	12	69201956	69239214	228	0.3906	1494	541243	32
MDM4	Oncogene	341	1	204485511	204542871	185	0.4349	1473	420144	39
MED12	Oncogene/TSG	341	X	70338406	70362303	381	0.5108	6534	759088	27
MEF2B	Oncogene	341	19	19256377	19303400	215	0.5463	1107	1260413	35
MEN1	TSG	341	11	64570982	64578766	230	0.5778	1848	2261775	61
MET	Oncogene	341	7	116312444	116438440	262	0.3903	4173	558228	2
MGA	TSG	410	15	41913422	42062141	256	0.4041	9198	765304	41
MITF	Oncogene/TSG	341	3	69788586	70017488	436	0.3857	1563	48041	-15
MLH1	TSG	341	3	37034823	37107380	473	0.4201	2271	392784	21
MPL	Oncogene	341	1	43803478	43818443	252	0.4847	1908	1088321	27
MRE11A	TSG	341	11	94152895	94227074	589	0.3727	2127	320374	-10
MSH2	TSG	341	2	47630108	47789450	406	0.4466	2805	793002	28
MSH3	TSG	468	5	79950467	80172279	752	0.3803	3414	319054	36
MSH6	TSG	341	2	47922669	48037240	587	0.4465	4083	488225	32
MSI1	Oncogene	468	12	120779133	120806983	182	0.5401	1089	1597755	50
MSI2	Oncogene	468	17	55333212	55762046	507	0.475	987	801767	-7
MST1	TSG	410	3	49721380	49726934	271	0.6067	2178	1551582	48
MST1R	Oncogene	410	3	49924435	49941299	170	0.5584	4203	1289886	38
MTOR	Oncogene	341	1	11166592	11322564	416	0.4454	7650	577167	32
MUTYH	TSG	341	1	45794835	45806142	249	0.5103	1608	1002765	29
MYC	Oncogene	341	8	128747680	128753674	204	0.5381	1365	406323	23
MYCL	n/a	341	1	40361098	40367928	270	0.5368	1185	996021	31
MYCN	Oncogene	341	2	16080686	16087129	1491	0.5376	1395	169653	-12
MYD88	Oncogene	341	3	38179969	38184513	411	0.5439	930	302137	32
MYOD1	n/a	341	11	17741115	17743678	626	0.6373	963	391398	17
NBN	TSG	341	8	90945564	91015456	419	0.3715	2265	251472	35
NCOA3	Oncogene	410	20	46130601	46285621	287	0.4116	4275	266824	49
NCOR1	TSG	341	17	15932471	16121499	370	0.3972	7323	954548	-18
NEGR1	n/a	410	1	71861623	72748417	1136	0.3495	1065	23816	-23
NF1	TSG	341	17	29421945	29709134	396	0.3762	8520	462449	26
NF2	TSG	341	22	29999545	30094587	149	0.4579	1788	734742	38
NFE2L2	Oncogene	341	2	178092323	178257425	145	0.4063	1818	372300	36
NFKBIA	TSG	410	14	35870717	35873955	125	0.5653	954	416091	31
NKX2-1	n/a	341	14	36985602	36990354	624	0.6228	1206	58829	-18
NKX3-1	TSG	341	8	23536206	23540440	544	0.4923	705	378220	16
NOTCH1	Oncogene/TSG	341	9	139388896	139440314	212	0.6339	7668	1489379	43
NOTCH2	Oncogene/TSG	341	1	120454176	120612240	510	0.3974	7416	429750	14
NOTCH3	Oncogene/TSG	341	19	15270444	15311792	381	0.5504	6966	630378	11
NOTCH4	Oncogene/TSG	341	6	32162620	32191844	392	0.5181	6012	2119974	28
NPM1	TSG	341	5	170814120	170838141	347	0.436	885	300840	30
NRAS	Oncogene	341	1	115247090	115259515	472	0.39	570	600650	11
NSD1	Oncogene/TSG	341	5	176560026	176727216	227	0.4234	8091	948717	42
NTHL1	TSG	468	16	2089816	2097867	183	0.6144	939	1747301	46
NTRK1	Oncogene	341	1	156785432	156851642	208	0.5311	2391	1505782	45
NTRK2	Oncogene	341	9	87283466	87638505	692	0.4098	2517	17424	1
NTRK3	Oncogene	341	15	88418230	88799999	730	0.4548	2520	124519	-57
NUF2	Oncogene	468	1	163236366	163325554	852	0.3644	1395	130027	-9
NUP93	n/a	410	16	56764017	56878797	143	0.4225	2460	706254	26
PAK1	Oncogene	341	11	77032752	77185680	479	0.3988	1638	502767	27
PAK5	Oncogene	341	20	9518036	9819689	786	0.3934	2160	93375	-46
PALB2	TSG	341	16	23614488	23652631	561	0.4354	3561	544239	38
PARK2	TSG	341	6	161768452	163148803	1243	0.4042	1398	8197	-30
PARP1	TSG	341	1	226548392	226595780	409	0.468	3045	805195	9
PAX5	TSG	341	9	36833272	37034103	542	0.493	1176	429504	34
PBRM1	TSG	341	3	52579368	52719933	231	0.4081	4749	1217701	47
PDCD1	Oncogene	341	2	242792033	242801060	487	0.6314	867	559742	29
PDCD1LG2	Oncogene	468	9	5510545	5571282	556	0.4055	822	307589	37
PDGFRA	Oncogene	341	4	55095264	55164414	518	0.4365	3270	51422	27
PDGFRB	Oncogene	341	5	149493400	149535435	228	0.5434	3321	1065098	49
PDPK1	n/a	341	16	2587965	2653189	321	0.5251	1671	2083323	42
PGR	Oncogene	410	11	100900355	101001255	962	0.3773	2802	23389	-25
PHOX2B	TSG	341	4	41746099	41750987	376	0.521	945	308280	22
PIK3C2G	n/a	341	12	18400548	18801348	986	0.357	4338	24982	-31
PIK3C3	n/a	341	18	39535171	39667794	1300	0.3533	2664	38836	13
PIK3CA	Oncogene	341	3	178865902	178957881	613	0.3578	3207	401889	11
PIK3CB	Oncogene	341	3	138372860	138553780	424	0.4059	3213	281611	26
PIK3CD	Oncogene	341	1	9711790	9789172	204	0.5133	3135	533533	35
PIK3CG	Oncogene	341	7	106505723	106547590	700	0.3939	3309	171312	32
PIK3R1	TSG	341	5	67511548	67597649	619	0.3922	2175	48999	32
PIK3R2	TSG	341	19	18263928	18281350	226	0.5777	2187	1249693	42
PIK3R3	TSG	341	1	46505812	46642160	318	0.4227	1386	1116382	20
PIM1	n/a	341	6	37137979	37143202	236	0.536	942	705207	50
PLCG2	Oncogene	410	16	81772702	81991899	451	0.471	3798	217457	36
PLK2	n/a	341	5	57749809	57756087	446	0.4235	2058	125347	5
PMAIP1	TSG	341	18	57567180	57571538	434	0.3983	165	200064	48
PMS1	TSG	341	2	190649107	190742355	385	0.367	2799	424679	20
PMS2	TSG	341	7	6012870	6048756	381	0.4505	2589	NA	NA
PNRC1	n/a	341	6	89790470	89794879	375	0.4853	984	307937	29
POLD1	TSG	410	19	50887461	50921273	491	0.5506	3324	1055164	28
POLE	TSG	341	12	133200348	133263951	495	0.5085	6861	724450	35
PPARG	Oncogene	468	3	12328867	12475855	222	0.3871	1518	372685	25
PPM1D	Oncogene	410	17	58677544	58741849	328	0.4094	1818	288701	15
PPP2R1A	TSG	341	19	52693292	52730687	896	0.4826	1770	478211	-38
PPP4R2	n/a	468	3	73045936	73118350	483	0.3882	1254	128046	17
PPP6C	TSG	410	9	127908852	127952218	168	0.4235	918	951081	46
PRDM1	TSG	341	6	106534195	106557814	278	0.4129	2478	162338	44
PRDM14	n/a	468	8	70963886	70983928	727	0.4716	1716	268840	10
PREX2	n/a	468	8	68864353	69149265	990	0.3716	4821	14825	1
PRKAR1A	n/a	341	17	66507921	66547460	313	0.4197	1146	662487	-28
PRKCI	Oncogene	468	3	169940153	170023769	270	0.3982	1791	361822	18
PRKD1	n/a	468	14	30045687	30661104	1041	0.3708	2739	23615	-39
PTCH1	TSG	341	9	98205262	98279339	510	0.4749	4344	186893	53
PTEN	TSG	341	10	89622870	89731687	300	0.3577	1212	259678	34
PTP4A1	n/a	468	6	64231666	64293492	154	0.3941	522	256545	15
PTPN11	Oncogene	341	12	112856155	112947717	167	0.4316	1782	704590	43
PTPRD	TSG	341	9	8314246	10612723	1275	0.3553	5739	15780	-26
PTPRS	TSG	341	19	5158506	5340814	262	0.5247	5847	1002562	26
PTPRT	TSG	341	20	40701392	41818610	1018	0.4234	4383	17956	-72
RAB35	Oncogene	410	12	120532899	120555306	225	0.5575	606	1564246	45
RAC1	Oncogene	341	7	6414154	6443608	381	0.4586	636	NA	NA
RAC2	Oncogene	468	22	37621301	37640488	230	0.5765	579	845055	67
RAD21	TSG	410	8	117858174	117887105	426	0.3602	1896	482614	18
RAD50	TSG	341	5	131891711	131980313	320	0.387	3939	715524	48
RAD51	TSG	341	15	40986972	41024354	161	0.435	1020	1017781	47
RAD51B	TSG	341	14	68286496	69196935	404	0.4099	1155	446885	37
RAD51C	TSG	341	17	56769934	56811703	222	0.4175	1131	524193	17
RAD51D	TSG	341	17	33426811	33448541	504	0.4804	651	516190	23
RAD52	n/a	341	12	1021243	1099219	289	0.4517	1257	473725	44
RAD54L	n/a	341	1	46713360	46744145	205	0.465	2244	690472	31
RAF1	Oncogene	341	3	12625100	12705725	172	0.4269	1947	408529	32
RARA	n/a	341	17	38465444	38513094	191	0.5687	1389	1350242	23
RASA1	TSG	341	5	86563705	86687748	726	0.3577	3144	154501	24
RB1	TSG	341	13	48877887	49056122	450	0.3691	2787	349930	41
RBM10	TSG	341	X	47004268	47046212	381	0.5032	2559	819569	38
RECQL	TSG	468	12	21621845	21654603	836	0.3757	1950	518837	-23
RECQL4	TSG	341	8	145736667	145743229	291	0.6552	3627	1755818	7
REL	Oncogene	341	2	61108656	61158745	439	0.3761	1860	635308	34
RET	Oncogene	341	10	43572475	43625799	563	0.5573	3345	454068	-19
RFWD2	Oncogene	341	1	175913967	176176629	929	0.3632	2196	66809	-3
RHEB	Oncogene	410	7	151163098	151217206	196	0.42	555	660831	32
RHOA	Oncogene	341	3	49396578	49450431	201	0.4657	582	1623187	33
RICTOR	Oncogene	341	5	38938021	39074510	336	0.3553	5127	193512	-2
RIT1	Oncogene	341	1	155867599	155881195	179	0.438	660	2096440	32
RNF43	TSG	341	17	56429861	56494956	399	0.4309	2352	782135	22
ROS1	Oncogene	341	6	117609463	117747018	310	0.3724	7044	168682	-18
RPS6KA4	Oncogene	341	11	64126620	64139687	257	0.5699	2319	1610483	51
RPS6KB2	Oncogene	341	11	67195931	67202872	161	0.5879	1449	1331051	52
RPTOR	Oncogene	341	17	78518619	78940171	381	0.4912	4008	782748	22
RRAGC	Oncogene	468	1	39303870	39325495	458	0.4145	1200	524940	24
RRAS	Oncogene	468	19	50138549	50143458	195	0.591	657	1733181	36
RRAS2	Oncogene	468	11	14299472	14386052	363	0.3924	615	428878	-3
RTEL1	TSG	468	20	62289163	62328416	172	0.5981	3732	1110751	45
RUNX1	TSG	341	21	36160098	37376965	429	0.4154	1443	164915	45
RXRA	n/a	468	9	137208944	137332431	295	0.6216	1389	300063	42
RYBP	TSG	341	3	72420976	72496069	607	0.3845	952	102513	32
SDHA	TSG	341	5	218356	256815	530	0.4607	1995	1040169	24
SDHAF2	TSG	341	11	61197514	61215001	245	0.4509	501	1404745	58
SDHB	TSG	341	1	17345217	17380665	221	0.4351	843	678965	52
SDHC	TSG	341	1	161284047	161332984	293	0.4237	510	743182	35
SDHD	TSG	341	11	111957497	111990353	179	0.417	480	389805	31
SESN1	TSG	468	6	109307640	109416022	465	0.3766	1656	385493	26
SESN2	TSG	468	1	28586038	28609002	170	0.5006	1443	766835	29
SESN3	TSG	468	11	94898704	94965705	468	0.3527	1479	349302	13
SETD2	TSG	341	3	47057919	47205457	365	0.4023	7695	593886	46
SF3B1	Oncogene	341	2	198254508	198299815	276	0.3941	3915	736523	30
SH2B3	TSG	410	12	111843752	111889427	479	0.5402	1728	466447	47
SH2D1A	TSG	341	X	123480194	123507005	381	0.3567	387	216982	-14
SHOC2	Oncogene	468	10	112679301	112773425	252	0.3508	1749	313830	16
SHQ1	TSG	341	3	72798428	72911065	510	0.3956	1734	140728	21
SLX4	TSG	468	16	3631182	3661599	224	0.524	5505	745599	39
SMAD2	TSG	341	18	45357922	45457515	185	0.3657	1404	108087	42
SMAD3	TSG	341	15	67356101	67487533	194	0.4834	1278	444194	45
SMAD4	TSG	341	18	48494410	48611415	422	0.4004	1659	156084	41
SMARCA4	TSG	341	19	11071598	11176071	190	0.5275	4944	1984564	40
SMARCB1	TSG	341	22	24129150	24176703	196	0.5077	1158	637355	52
SMARCD1	n/a	341	12	50478755	50494495	211	0.4868	1548	1003045	56
SMO	Oncogene	341	7	128828713	128853386	420	0.4917	2364	811174	54
SMYD3	Oncogene	468	1	245912642	246670614	939	0.406	1287	219137	-6
SOCS1	TSG	341	16	11348262	11350036	308	0.6856	636	632841	37
SOS1	Oncogene	468	2	39208537	39351486	351	0.378	4002	805852	18
SOX17	TSG	341	8	55370495	55373448	554	0.5944	1245	240943	-8
SOX2	Oncogene	341	3	181429714	181432221	1104	0.5072	954	39313	-14
SOX9	Oncogene/TSG	341	17	70117161	70122561	606	0.5334	1530	159643	-41
SPEN	TSG	341	1	16174359	16266955	169	0.4299	10995	823686	28
SPOP	TSG	341	17	47676246	47755596	348	0.4044	1125	943930	28
SPRED1	TSG	468	15	38544527	38649450	704	0.3539	1335	96035	-21
SRC	Oncogene	341	20	35973088	36034453	571	0.541	1611	685195	60
SRSF2	n/a	410	17	74730197	74733456	206	0.4923	666	827288	22
STAG2	TSG	341	X	123094062	123556514	381	0.3919	3807	338292	7
STAT3	Oncogene	410	17	40465342	40540586	160	0.4502	2313	2140948	32
STAT5A	Oncogene	410	17	40439565	40463961	190	0.5463	2385	2072592	33
STAT5B	Oncogene	410	17	40351186	40428725	190	0.4363	2364	2101162	31
STK11	TSG	341	19	1189406	1228428	234	0.5847	1302	2214581	29
STK19	n/a	468	6	31938868	31950598	203	0.531	1095	2314693	34
STK40	n/a	341	1	36805225	36851497	212	0.5228	1308	636943	28
SUFU	TSG	341	10	104263744	104393292	165	0.4798	1455	872436	36
SUZ12	n/a	341	17	30264037	30328064	310	0.41	2220	717248	27
SYK	Oncogene	341	9	93564069	93660831	542	0.4417	1908	126037	32
TAP1	n/a	468	6	32812986	32821755	401	0.5046	2427	1253457	26
TAP2	n/a	468	6	32789610	32806557	295	0.4388	1962	1313279	31
TBX3	TSG	341	12	115108059	115121969	548	0.4727	2232	32369	-30
TCEB1	n/a	410	8	74851404	74884522	417	0.4119	339	258047	25
TCF3	TSG	410	19	1609291	1652604	262	0.5957	1956	2396187	31
TCF7L2	TSG	410	10	114710009	114927437	435	0.446	1809	156660	-9
TEK	n/a	468	9	27109139	27230173	387	0.4055	3375	116738	-28
TERT	Oncogene	341	5	1253262	1295184	541	0.5847	3399	657890	24
TET1	TSG	341	10	70320413	70454239	168	0.4209	6411	824682	41
TET2	TSG	341	4	106067032	106200973	632	0.3629	6009	188424	24
TGFBR1	TSG	341	9	101866320	101916474	211	0.3903	1512	201435	30
TGFBR2	TSG	341	3	30647994	30735634	417	0.4081	1779	80018	-9
TMEM127	TSG	341	2	96914254	96931732	213	0.5114	717	904852	43
TMPRSS2	n/a	341	21	42836478	42903043	454	0.491	1590	266466	61
TNFAIP3	TSG	341	6	138188351	138204449	256	0.4395	2373	315946	51
TNFRSF14	TSG	341	1	2487078	2496821	228	0.6406	852	339388	38
TOP1	TSG	341	20	39657458	39753127	129	0.3986	2298	383646	14
TP53	TSG	341	17	7565097	7590856	213	0.4885	1182	2069567	34
TP53BP1	TSG	468	15	43699407	43802926	368	0.4171	5934	794398	43
TP63	Oncogene/TSG	341	3	189349205	189615068	403	0.3713	2043	140525	15
TRAF2	n/a	410	9	139776364	139821059	176	0.5512	1506	1950713	39
TRAF7	n/a	341	16	2205699	2228130	224	0.6376	2013	2179404	39
TSC1	TSG	341	9	135766735	135820020	461	0.4278	3495	1919595	33
TSC2	TSG	341	16	2097466	2138716	181	0.6006	5424	1722112	44
TSHR	Oncogene	341	14	81421333	81612646	492	0.3885	2295	214327	-10
U2AF1	Oncogene	341	21	44513066	44527697	279	0.4366	723	687433	59
UPF1	n/a	468	19	18942747	18979045	189	0.5515	3357	1302747	27
VEGFA	Oncogene	410	6	43737921	43754224	278	0.564	699	1564130	41
VHL	TSG	341	3	10182692	10193904	170	0.4755	642	825905	39
VTCN1	n/a	341	1	117686209	117753556	566	0.4241	849	322193	12
WHSC1	Oncogene	468	4	1873151	1983934	239	0.4714	4098	815091	43
WHSC1L1	n/a	468	8	38127215	38239790	253	0.3879	4314	802555	46
WT1	Oncogene/TSG	341	11	32409321	32457176	749	0.4645	1554	356326	9
WWTR1	Oncogene	468	3	149235022	149454501	263	0.4107	1203	558006	18
XIAP	Oncogene	341	X	122993574	123047829	381	0.4198	1494	337935	14
XPO1	Oncogene	341	2	61704984	61765761	442	0.409	3216	842390	42
XRCC2	TSG	410	7	152341864	152373250	444	0.4258	843	256955	6
YAP1	Oncogene	341	11	101981192	102104154	327	0.3863	1515	456821	-14
YES1	Oncogene	341	18	721588	812547	360	0.4001	1632	398625	44
ZFHX3	TSG	410	16	72816784	73093597	495	0.4645	11112	122465	-11
ZRSR2	n/a	410	X	15808595	15841383	381	0.415	1449	170722	47
