Replicate	WT	205C>T	228C>T	228C>T + 205C>T	250C>T	250C>T + 205C>T	cell line
1	25.52421652	39.60504202	186.540146	215.8032129	154.5210084	181.582996	A375
2	22.61363636	33.39440994	103.8444444	148.5773196	96.39622642	128.3096774	A375
3	26.25338145	47.46222166	222.7967268	332.848254	175.7492522	237.6778993	A375
4	21.30146004	37.18427246	169.0337697	243.2214785	138.5037396	169.0670816	A375
5	19.31600101	37.73035309	117.1076788	196.1518255	112.7095269	147.202401	A375
1	15.76875	27.80267857	193.9537037	186.3333333	148.1	165.6349206	Sk-Mel2
2	12.34126984	16.37608225	146.4166667	172.0416667	117.4742063	169.9642857	Sk-Mel2
3	11.81818182	33.80140693	235.3009259	299.1284722	195.2896825	176.7952381	Sk-Mel2
4	14.62206911	33.07449495	179.8847953	268.5833333	147.2386364	208.05625	Sk-Mel2
1	35.28839286	58.24615385	309.5472222	386.1361111	247.875	280.0848214	Sk-Mel30
2	17.13054891	30.08057276	92.79672619	117.7984848	79.16727941	118.6634921	Sk-Mel30
3	25.00758514	54.01959729	230.522479	288.3611111	203.9641026	249.5234071	Sk-Mel30
4	29.53353041	50.99478654	175.4439103	266.1096154	136.3794634	172.220801	Sk-Mel30
